2000.069336	.94933
2000.310424	.9456
2000.551513	.94708
2000.792601	.95195
2001.033690	.95365
2001.274778	.95197
2001.515866	.94781
2001.756955	.94856
2001.998043	.94782
2002.239132	.9475
2002.480220	.94955
2002.721308	.94968
2002.962397	.94804
2003.203485	.94533
2003.444573	.94715
2003.685662	.94928
2003.926750	.94952
2004.167839	.94843
2004.408927	.94606
2004.650015	.94658
2004.891104	.94975
2005.132192	.94988
2005.373281	.95029
2005.614369	.95121
2005.855457	.94881
2006.096546	.94418
2006.337634	.94503
2006.578723	.94815
2006.819811	.9483
2007.060899	.94886
2007.301988	.94953
2007.543076	.94752
2007.784165	.94641
2008.025253	.94638
2008.266341	.94572
2008.507430	.94562
2008.748518	.94607
2008.989607	.94683
2009.230695	.94846
2009.471783	.94963
2009.712872	.9491
2009.953960	.94863
2010.195049	.94958
2010.436137	.94949
2010.677225	.94639
2010.918314	.94434
2011.159402	.94461
2011.400491	.94853
2011.641579	.95216
2011.882667	.95133
2012.123756	.95011
2012.364844	.94887
2012.605933	.94746
2012.847021	.94836
2013.088109	.94704
2013.329198	.94502
2013.570286	.94467
2013.811375	.94775
2014.052463	.94827
2014.293551	.94963
2014.534640	.9514
2014.775728	.95066
2015.016817	.95167
2015.257905	.95223
2015.498993	.94883
2015.740082	.94665
2015.981170	.94814
2016.222258	.94924
2016.463347	.95112
2016.704435	.94649
2016.945524	.93155
2017.186612	.93255
2017.427700	.94677
2017.668789	.95014
2017.909877	.94725
2018.150966	.94705
2018.392054	.9456
2018.633142	.94379
2018.874231	.94586
2019.115319	.94521
2019.356408	.94474
2019.597496	.94525
2019.838584	.94504
2020.079673	.9464
2020.320761	.94785
2020.561850	.94714
2020.802938	.94669
2021.044026	.94635
2021.285115	.94766
2021.526203	.94814
2021.767292	.94909
2022.008380	.94901
2022.249468	.95037
2022.490557	.9484
2022.731645	.94336
2022.972734	.94085
2023.213822	.9403
2023.454910	.94622
2023.695999	.94986
2023.937087	.94946
2024.178176	.94896
2024.419264	.94931
2024.660352	.94977
2024.901441	.94694
2025.142529	.94504
2025.383618	.94562
2025.624706	.94667
2025.865794	.94885
2026.106883	.95069
2026.347971	.94647
2026.589060	.9456
2026.830148	.94844
2027.071236	.95299
2027.312325	.9545
2027.553413	.94834
2027.794502	.94369
2028.035590	.94519
2028.276678	.94775
2028.517767	.94924
2028.758855	.95155
2028.999943	.94932
2029.241032	.9471
2029.482120	.95124
2029.723209	.94953
2029.964297	.9454
2030.205385	.94579
2030.446474	.94687
2030.687562	.94615
2030.928651	.94501
2031.169739	.94593
2031.410827	.94756
2031.651916	.94744
2031.893004	.9506
2032.134093	.95024
2032.375181	.94296
2032.616269	.93882
2032.857358	.94406
2033.098446	.94658
2033.339535	.94597
2033.580623	.94443
2033.821711	.94665
2034.062800	.94608
2034.303888	.9425
2034.544977	.94256
2034.786065	.94549
2035.027153	.9476
2035.268242	.94789
2035.509330	.94615
2035.750419	.94646
2035.991507	.94924
2036.232595	.95218
2036.473684	.95053
2036.714772	.94864
2036.955861	.94669
2037.196949	.93885
2037.438037	.94069
2037.679126	.94474
2037.920214	.94591
2038.161303	.94843
2038.402391	.95022
2038.643479	.95127
2038.884568	.94984
2039.125656	.95079
2039.366745	.95136
2039.607833	.9478
2039.848921	.94508
2040.090010	.94717
2040.331098	.95256
2040.572187	.9524
2040.813275	.94803
2041.054363	.94494
2041.295452	.94323
2041.536540	.93802
2041.777629	.92416
2042.018717	.9274
2042.259805	.94467
2042.500894	.94866
2042.741982	.94737
2042.983070	.94672
2043.224159	.94856
2043.465247	.94868
2043.706336	.94635
2043.947424	.94562
2044.188512	.94423
2044.429601	.94425
2044.670689	.94529
2044.911778	.94663
2045.152866	.94743
2045.393954	.94713
2045.635043	.94495
2045.876131	.93933
2046.117220	.93542
2046.358308	.92532
2046.599396	.92342
2046.840485	.93752
2047.081573	.94528
2047.322662	.94853
2047.563750	.95002
2047.804838	.94962
2048.045927	.94981
2048.287015	.94731
2048.528104	.9456
2048.769192	.94813
2049.010280	.94748
2049.251369	.94578
2049.492457	.94551
2049.733546	.94274
2049.974634	.94001
2050.215722	.94227
2050.456811	.9474
2050.697899	.94254
2050.938988	.91613
2051.180076	.9117
2051.421164	.93955
2051.662253	.95051
2051.903341	.95043
2052.144430	.94857
2052.385518	.94939
2052.626606	.94995
2052.867695	.94533
2053.108783	.9461
2053.349872	.94795
2053.590960	.94678
2053.832048	.94355
2054.073137	.93803
2054.314225	.94247
2054.555314	.94602
2054.796402	.94522
2055.037490	.94535
2055.278579	.93363
2055.519667	.90131
2055.760755	.90583
2056.001844	.94074
2056.242932	.95037
2056.484021	.95136
2056.725109	.95065
2056.966197	.94898
2057.207286	.94773
2057.448374	.94611
2057.689463	.94664
2057.930551	.9424
2058.171639	.93964
2058.412728	.94877
2058.653816	.95029
2058.894905	.94513
2059.135993	.94421
2059.377081	.94693
2059.618170	.94491
2059.859258	.91938
2060.100347	.87439
2060.341435	.89842
2060.582523	.93838
2060.823612	.94603
2061.064700	.94848
2061.305789	.9486
2061.546877	.94776
2061.787965	.9458
2062.029054	.94046
2062.270142	.94064
2062.511231	.94442
2062.752319	.94606
2062.993407	.94654
2063.234496	.9476
2063.475584	.94849
2063.716673	.94801
2063.957761	.94864
2064.198849	.93998
2064.439938	.88786
2064.681026	.85819
2064.922115	.91062
2065.163203	.93995
2065.404291	.94465
2065.645380	.9444
2065.886468	.93502
2066.127557	.93403
2066.368645	.94395
2066.609733	.94903
2066.850822	.94976
2067.091910	.94822
2067.332999	.94691
2067.574087	.94774
2067.815175	.95149
2068.056264	.9488
2068.297352	.94016
2068.538440	.93829
2068.779529	.90508
2069.020617	.83711
2069.261706	.87177
2069.502794	.93438
2069.743882	.93834
2069.984971	.93785
2070.226059	.94467
2070.467148	.94759
2070.708236	.94983
2070.949324	.95033
2071.190413	.94815
2071.431501	.94755
2071.672590	.94591
2071.913678	.94437
2072.154766	.94431
2072.395855	.94482
2072.636943	.94883
2072.878032	.95198
2073.119120	.92678
2073.360208	.83914
2073.601297	.81885
2073.842385	.90389
2074.083474	.94256
2074.324562	.94606
2074.565650	.9456
2074.806739	.94776
2075.047827	.94933
2075.288916	.94881
2075.530004	.94876
2075.771092	.94863
2076.012181	.94569
2076.253269	.94578
2076.494358	.9488
2076.735446	.94823
2076.976534	.94912
2077.217623	.94644
2077.458711	.91659
2077.699800	.82484
2077.940888	.78706
2078.181976	.88635
2078.423065	.93806
2078.664153	.94364
2078.905242	.94305
2079.146330	.94368
2079.387418	.94573
2079.628507	.94509
2079.869595	.9461
2080.110684	.94894
2080.351772	.9502
2080.592860	.94925
2080.833949	.94609
2081.075037	.94365
2081.316126	.93935
2081.557214	.93849
2081.798302	.92349
2082.039391	.82753
2082.280479	.76918
2082.521567	.8798
2082.762656	.94032
2083.003744	.94567
2083.244833	.94742
2083.485921	.94721
2083.727009	.94783
2083.968098	.94598
2084.209186	.94575
2084.450275	.94651
2084.691363	.94651
2084.932451	.945
2085.173540	.94372
2085.414628	.94595
2085.655717	.94761
2085.896805	.94554
2086.137893	.91676
2086.378982	.79611
2086.620070	.74533
2086.861159	.87386
2087.102247	.93792
2087.343335	.94377
2087.584424	.9458
2087.825512	.94745
2088.066601	.94608
2088.307689	.94388
2088.548777	.94715
2088.789866	.94689
2089.030954	.94895
2089.272043	.95012
2089.513131	.94753
2089.754219	.94754
2089.995308	.9449
2090.236396	.93496
2090.477485	.88542
2090.718573	.74795
2090.959661	.74857
2091.200750	.89333
2091.441838	.93962
2091.682927	.9427
2091.924015	.94446
2092.165103	.94583
2092.406192	.94481
2092.647280	.94429
2092.888369	.94305
2093.129457	.94181
2093.370545	.94537
2093.611634	.94868
2093.852722	.94691
2094.093811	.94599
2094.334899	.94526
2094.575987	.92869
2094.817076	.83291
2095.058164	.69651
2095.299252	.78792
2095.540341	.91898
2095.781429	.93793
2096.022518	.9418
2096.263606	.94556
2096.504694	.94511
2096.745783	.94721
2096.986871	.95074
2097.227960	.94836
2097.469048	.94603
2097.710136	.94776
2097.951225	.94631
2098.192313	.9433
2098.433402	.94316
2098.674490	.9391
2098.915578	.89498
2099.156667	.74385
2099.397755	.69569
2099.638844	.85507
2099.879932	.93122
2100.121020	.94019
2100.362109	.94443
2100.603197	.94947
2100.844286	.94966
2101.085374	.94489
2101.326462	.94253
2101.567551	.94357
2101.808639	.94502
2102.049728	.94527
2102.290816	.94725
2102.531904	.9494
2102.772993	.94546
2103.014081	.91959
2103.255170	.79478
2103.496258	.66125
2103.737346	.78696
2103.978435	.92301
2104.219523	.9452
2104.460612	.9451
2104.701700	.94305
2104.942788	.94459
2105.183877	.94497
2105.424965	.9459
2105.666054	.94739
2105.907142	.94821
2106.148230	.94573
2106.389319	.94471
2106.630407	.94428
2106.871496	.93993
2107.112584	.92282
2107.353672	.82629
2107.594761	.6582
2107.835849	.72934
2108.076937	.89565
2108.318026	.93695
2108.559114	.94369
2108.800203	.94369
2109.041291	.94423
2109.282379	.94805
2109.523468	.94954
2109.764556	.94522
2110.005645	.94123
2110.246733	.94098
2110.487821	.93843
2110.728910	.94044
2110.969998	.94629
2111.211087	.93274
2111.452175	.84251
2111.693263	.66046
2111.934352	.70639
2112.175440	.88565
2112.416529	.93443
2112.657617	.9425
2112.898705	.94552
2113.139794	.9447
2113.380882	.94528
2113.621971	.9458
2113.863059	.94331
2114.104147	.93722
2114.345236	.93614
2114.586324	.94175
2114.827413	.94477
2115.068501	.94274
2115.309589	.92904
2115.550678	.83252
2115.791766	.65132
2116.032855	.71089
2116.273943	.89037
2116.515031	.94061
2116.756120	.94493
2116.997208	.94281
2117.238297	.94289
2117.479385	.93748
2117.720473	.93556
2117.961562	.94319
2118.202650	.94686
2118.443739	.9497
2118.684827	.94976
2118.925915	.94578
2119.167004	.9406
2119.408092	.91793
2119.649181	.79624
2119.890269	.6389
2120.131357	.75058
2120.372446	.90431
2120.613534	.93433
2120.854622	.93645
2121.095711	.93307
2121.336799	.93927
2121.577888	.94694
2121.818976	.94395
2122.060064	.93926
2122.301153	.94096
2122.542241	.94209
2122.783330	.94247
2123.024418	.9435
2123.265506	.93809
2123.506595	.89427
2123.747683	.73043
2123.988772	.64433
2124.229860	.81396
2124.470948	.91679
2124.712037	.93465
2124.953125	.94414
2125.194214	.94603
2125.435302	.94535
2125.676390	.94603
2125.917479	.9465
2126.158567	.94659
2126.399656	.94415
2126.640744	.94318
2126.881832	.94509
2127.122921	.94158
2127.364009	.92916
2127.605098	.83832
2127.846186	.66399
2128.087274	.72192
2128.328363	.8914
2128.569451	.93425
2128.810540	.94035
2129.051628	.94674
2129.292716	.94922
2129.533805	.94784
2129.774893	.94572
2130.015982	.94494
2130.257070	.94447
2130.498158	.94466
2130.739247	.94678
2130.980335	.94068
2131.221424	.92805
2131.462512	.88977
2131.703600	.74469
2131.944689	.69281
2132.185777	.85303
2132.426866	.93285
2132.667954	.94484
2132.909042	.94871
2133.150131	.94681
2133.391219	.94185
2133.632308	.94186
2133.873396	.94665
2134.114484	.9485
2134.355573	.94194
2134.596661	.93552
2134.837749	.94034
2135.078838	.94425
2135.319926	.92367
2135.561015	.81085
2135.802103	.71489
2136.043191	.83222
2136.284280	.93039
2136.525368	.94314
2136.766457	.94239
2137.007545	.94182
2137.248633	.94403
2137.489722	.94494
2137.730810	.93815
2137.971899	.93711
2138.212987	.94454
2138.454075	.94741
2138.695164	.94722
2138.936252	.94673
2139.177341	.93532
2139.418429	.86575
2139.659517	.78703
2139.900606	.85725
2140.141694	.93188
2140.382783	.94169
2140.623871	.94312
2140.864959	.94248
2141.106048	.94218
2141.347136	.94713
2141.588225	.95111
2141.829313	.95218
2142.070401	.94972
2142.311490	.9458
2142.552578	.94668
2142.793667	.9494
2143.034755	.94592
2143.275843	.94202
2143.516932	.94235
2143.758020	.94468
2143.999109	.94584
2144.240197	.94361
2144.481285	.94379
2144.722374	.94506
2144.963462	.94633
2145.204551	.94619
2145.445639	.94643
2145.686727	.94546
2145.927816	.9466
2146.168904	.94713
2146.409993	.94645
2146.651081	.94439
2146.892169	.9244
2147.133258	.83605
2147.374346	.78516
2147.615434	.88057
2147.856523	.94072
2148.097611	.94617
2148.338700	.94668
2148.579788	.94498
2148.820876	.9426
2149.061965	.94334
2149.303053	.94441
2149.544142	.94554
2149.785230	.9454
2150.026318	.9421
2150.267407	.94271
2150.508495	.93439
2150.749584	.87796
2150.990672	.73839
2151.231760	.75075
2151.472849	.89111
2151.713937	.93616
2151.955026	.94269
2152.196114	.94599
2152.437202	.94691
2152.678291	.9451
2152.919379	.94447
2153.160468	.94462
2153.401556	.94495
2153.642644	.94282
2153.883733	.94234
2154.124821	.94272
2154.365910	.91566
2154.606998	.78348
2154.848086	.6663
2155.089175	.80195
2155.330263	.92164
2155.571352	.94089
2155.812440	.94503
2156.053528	.94584
2156.294617	.94413
2156.535705	.94408
2156.776794	.94328
2157.017882	.94472
2157.258970	.94869
2157.500059	.94894
2157.741147	.94633
2157.982236	.93222
2158.223324	.83651
2158.464412	.65914
2158.705501	.71391
2158.946589	.88821
2159.187678	.93639
2159.428766	.94361
2159.669854	.94332
2159.910943	.94312
2160.152031	.94374
2160.393119	.94363
2160.634208	.94128
2160.875296	.93978
2161.116385	.94253
2161.357473	.94253
2161.598561	.93513
2161.839650	.86332
2162.080738	.67282
2162.321827	.65995
2162.562915	.85049
2162.804003	.92639
2163.045092	.93887
2163.286180	.94254
2163.527269	.94451
2163.768357	.94657
2164.009445	.94417
2164.250534	.94251
2164.491622	.94522
2164.732711	.94437
2164.973799	.94164
2165.214887	.93487
2165.455976	.87157
2165.697064	.68151
2165.938153	.64296
2166.179241	.83565
2166.420329	.92818
2166.661418	.94145
2166.902506	.94217
2167.143595	.94198
2167.384683	.94411
2167.625771	.9452
2167.866860	.94403
2168.107948	.94338
2168.349037	.94629
2168.590125	.94799
2168.831213	.9372
2169.072302	.8616
2169.313390	.66569
2169.554479	.6535
2169.795567	.85182
2170.036655	.93224
2170.277744	.94211
2170.518832	.94187
2170.759921	.94116
2171.001009	.94308
2171.242097	.94389
2171.483186	.9454
2171.724274	.94593
2171.965363	.94312
2172.206451	.93953
2172.447539	.924
2172.688628	.81859
2172.929716	.63276
2173.170805	.70072
2173.411893	.88681
2173.652981	.93498
2173.894070	.94096
2174.135158	.94434
2174.376246	.94649
2174.617335	.94436
2174.858423	.94161
2175.099512	.94191
2175.340600	.94448
2175.581688	.94637
2175.822777	.94085
2176.063865	.90333
2176.304954	.74715
2176.546042	.62211
2176.787130	.7804
2177.028219	.91551
2177.269307	.93628
2177.510396	.94161
2177.751484	.94481
2177.992572	.94469
2178.233661	.9458
2178.474749	.94772
2178.715838	.94729
2178.956926	.94612
2179.198014	.9474
2179.439103	.9321
2179.680191	.84204
2179.921280	.65956
2180.162368	.69415
2180.403456	.87901
2180.644545	.935
2180.885633	.93981
2181.126722	.94257
2181.367810	.94209
2181.608898	.94126
2181.849987	.94121
2182.091075	.94471
2182.332164	.94601
2182.573252	.94273
2182.814340	.93639
2183.055429	.88813
2183.296517	.72379
2183.537606	.66125
2183.778694	.83318
2184.019782	.92528
2184.260871	.94058
2184.501959	.94715
2184.743048	.94663
2184.984136	.94363
2185.225224	.94425
2185.466313	.9494
2185.707401	.95387
2185.948490	.94958
2186.189578	.94195
2186.430666	.90829
2186.671755	.76308
2186.912843	.66025
2187.153931	.81223
2187.395020	.92787
2187.636108	.94381
2187.877197	.94338
2188.118285	.94333
2188.359373	.94313
2188.600462	.94373
2188.841550	.94399
2189.082639	.94644
2189.323727	.9482
2189.564815	.94344
2189.805904	.91349
2190.046992	.78369
2190.288081	.68215
2190.529169	.81819
2190.770257	.92463
2191.011346	.94271
2191.252434	.94765
2191.493523	.94816
2191.734611	.94616
2191.975699	.94708
2192.216788	.94889
2192.457876	.94732
2192.698965	.94603
2192.940053	.94287
2193.181141	.90892
2193.422230	.7766
2193.663318	.71161
2193.904407	.85408
2194.145495	.93479
2194.386583	.94321
2194.627672	.94503
2194.868760	.94577
2195.109849	.94581
2195.350937	.94736
2195.592025	.94767
2195.833114	.94577
2196.074202	.94344
2196.315291	.93874
2196.556379	.8879
2196.797467	.75417
2197.038556	.76288
2197.279644	.89989
2197.520733	.94145
2197.761821	.94397
2198.002909	.94481
2198.243998	.94549
2198.485086	.94553
2198.726175	.94484
2198.967263	.94654
2199.208351	.94856
2199.449440	.94663
2199.690528	.93204
2199.931616	.84381
2200.172705	.74847
2200.413793	.84009
2200.654882	.9309
2200.895970	.94155
2201.137058	.94462
2201.378147	.94972
2201.619235	.94967
2201.860324	.94702
2202.101412	.94586
2202.342500	.94585
2202.583589	.94329
2202.824677	.94072
2203.065766	.90163
2203.306854	.79289
2203.547942	.80681
2203.789031	.91639
2204.030119	.94553
2204.271208	.94582
2204.512296	.94641
2204.753384	.94959
2204.994473	.94857
2205.235561	.94708
2205.476650	.94796
2205.717738	.9453
2205.958826	.94181
2206.199915	.92135
2206.441003	.83664
2206.682092	.81063
2206.923180	.9055
2207.164268	.94447
2207.405357	.94918
2207.646445	.94881
2207.887534	.94532
2208.128622	.94455
2208.369710	.94581
2208.610799	.9441
2208.851887	.94364
2209.092976	.94564
2209.334064	.92899
2209.575152	.85774
2209.816241	.82666
2210.057329	.90418
2210.298418	.94316
2210.539506	.9489
2210.780594	.94842
2211.021683	.94351
2211.262771	.94063
2211.503860	.94422
2211.744948	.94896
2211.986036	.95028
2212.227125	.94802
2212.468213	.93186
2212.709301	.87238
2212.950390	.85135
2213.191478	.91326
2213.432567	.94286
2213.673655	.94709
2213.914743	.94997
2214.155832	.95257
2214.396920	.94953
2214.638009	.9448
2214.879097	.94473
2215.120185	.94597
2215.361274	.94698
2215.602362	.93032
2215.843451	.87948
2216.084539	.88273
2216.325627	.93079
2216.566716	.9433
2216.807804	.94652
2217.048893	.94734
2217.289981	.94607
2217.531069	.94492
2217.772158	.94487
2218.013246	.94835
2218.254335	.95073
2218.495423	.94588
2218.736511	.91973
2218.977600	.88922
2219.218688	.91979
2219.459777	.94798
2219.700865	.94789
2219.941953	.9455
2220.183042	.94389
2220.424130	.94521
2220.665219	.94679
2220.906307	.94623
2221.147395	.94677
2221.388484	.94317
2221.629572	.93174
2221.870661	.9074
2222.111749	.90864
2222.352837	.93714
2222.593926	.94898
2222.835014	.9491
2223.076103	.94671
2223.317191	.94577
2223.558279	.94474
2223.799368	.9478
2224.040456	.95216
2224.281545	.95243
2224.522633	.94762
2224.763721	.92777
2225.004810	.91466
2225.245898	.93328
2225.486987	.9453
2225.728075	.94648
2225.969163	.94566
2226.210252	.94413
2226.451340	.94768
2226.692428	.95076
2226.933517	.94633
2227.174605	.94442
2227.415694	.9465
2227.656782	.93618
2227.897870	.92435
2228.138959	.93826
2228.380047	.95093
2228.621136	.95018
2228.862224	.9475
2229.103312	.94737
2229.344401	.94574
2229.585489	.94801
2229.826578	.94946
2230.067666	.9474
2230.308754	.94587
2230.549843	.93856
2230.790931	.93336
2231.032020	.94224
2231.273108	.94703
2231.514196	.94383
2231.755285	.94425
2231.996373	.94813
2232.237462	.9506
2232.478550	.94929
2232.719638	.94331
2232.960727	.94227
2233.201815	.94415
2233.442904	.94229
2233.683992	.9411
2233.925080	.94809
2234.166169	.9486
2234.407257	.94574
2234.648346	.94427
2234.889434	.94412
2235.130522	.94544
2235.371611	.94971
2235.612699	.95308
2235.853788	.95312
2236.094876	.94779
2236.335964	.9433
2236.577053	.94556
2236.818141	.94858
2237.059230	.94788
2237.300318	.94619
2237.541406	.94222
2237.782495	.94159
2238.023583	.94454
2238.264672	.9482
2238.505760	.94857
2238.746848	.94567
2238.987937	.9439
2239.229025	.94572
2239.470113	.94921
2239.711202	.94853
2239.952290	.94735
2240.193379	.94694
2240.434467	.94461
2240.675555	.94521
2240.916644	.94935
2241.157732	.95056
2241.398821	.94795
2241.639909	.94488
2241.880997	.94261
2242.122086	.94416
2242.363174	.94541
2242.604263	.94569
2242.845351	.95147
2243.086439	.95017
2243.327528	.94461
2243.568616	.94443
2243.809705	.94792
2244.050793	.94972
2244.291881	.94781
2244.532970	.94994
2244.774058	.94751
2245.015147	.94516
2245.256235	.94752
2245.497323	.94942
2245.738412	.94773
2245.979500	.9453
2246.220589	.94537
2246.461677	.94595
2246.702765	.94498
2246.943854	.94543
2247.184942	.94781
2247.426031	.95129
2247.667119	.9497
2247.908207	.94627
2248.149296	.94657
2248.390384	.94883
2248.631473	.94804
2248.872561	.94727
2249.113649	.94568
2249.354738	.94489
2249.595826	.94567
2249.836915	.94755
2250.078003	.94889
2250.319091	.94837
2250.560180	.94951
2250.801268	.95032
2251.042357	.94723
2251.283445	.94733
2251.524533	.94791
2251.765622	.9508
2252.006710	.9511
2252.247798	.94707
2252.488887	.94729
2252.729975	.94435
2252.971064	.93983
2253.212152	.94382
2253.453240	.94884
2253.694329	.94804
2253.935417	.95012
2254.176506	.95244
2254.417594	.95079
2254.658682	.94843
2254.899771	.94728
2255.140859	.94721
2255.381948	.94648
2255.623036	.94652
2255.864124	.9506
2256.105213	.94744
2256.346301	.9417
2256.587390	.94167
2256.828478	.94527
2257.069566	.947
2257.310655	.94863
2257.551743	.94967
2257.792832	.94942
2258.033920	.94819
2258.275008	.94713
2258.516097	.94672
2258.757185	.94562
2258.998274	.94519
2259.239362	.94452
2259.480450	.94646
2259.721539	.95181
2259.962627	.95126
2260.203716	.94905
2260.444804	.94743
2260.685892	.9464
2260.926981	.94744
2261.168069	.9477
2261.409158	.94882
2261.650246	.94828
2261.891334	.94801
2262.132423	.94667
2262.373511	.9449
2262.614600	.94854
2262.855688	.94928
2263.096776	.94885
2263.337865	.95325
2263.578953	.95105
2263.820042	.95006
2264.061130	.94761
2264.302218	.94599
2264.543307	.9454
2264.784395	.94726
2265.025484	.95016
2265.266572	.95137
2265.507660	.94817
2265.748749	.94565
2265.989837	.94395
2266.230925	.94634
2266.472014	.9512
2266.713102	.95233
2266.954191	.94773
2267.195279	.94518
2267.436367	.94661
2267.677456	.94749
2267.918544	.94876
2268.159633	.9467
2268.400721	.94493
2268.641809	.95065
2268.882898	.95468
2269.123986	.94936
2269.365075	.94816
2269.606163	.95013
2269.847251	.94728
2270.088340	.94817
2270.329428	.95497
2270.570517	.95523
2270.811605	.94877
2271.052693	.94512
2271.293782	.94386
2271.534870	.94634
2271.775959	.94942
2272.017047	.95374
2272.258135	.95596
2272.499224	.95014
2272.740312	.94573
2272.981401	.94606
2273.222489	.94806
2273.463577	.94945
2273.704666	.95186
2273.945754	.95318
2274.186843	.95119
2274.427931	.94845
2274.669019	.94942
2274.910108	.94852
2275.151196	.94568
2275.392285	.94731
2275.633373	.95187
2275.874461	.95333
2276.115550	.95201
2276.356638	.94675
2276.597727	.94087
2276.838815	.94249
2277.079903	.94927
2277.320992	.95521
2277.562080	.953
2277.803169	.94796
2278.044257	.94651
2278.285345	.94739
2278.526434	.94912
2278.767522	.9493
2279.008610	.94945
2279.249699	.9464
2279.490787	.94523
2279.731876	.94681
2279.972964	.94847
2280.214052	.94927
2280.455141	.95169
2280.696229	.95165
2280.937318	.94833
2281.178406	.94679
2281.419494	.95008
2281.660583	.9526
2281.901671	.95142
2282.142760	.95064
2282.383848	.9506
2282.624936	.95067
2282.866025	.94932
2283.107113	.94761
2283.348202	.94769
2283.589290	.94624
2283.830378	.94551
2284.071467	.94653
2284.312555	.94859
2284.553644	.94873
2284.794732	.94968
2285.035820	.95042
2285.276909	.94911
2285.517997	.9479
2285.759086	.94967
2286.000174	.9495
2286.241262	.9482
2286.482351	.94571
2286.723439	.94471
2286.964528	.94846
2287.205616	.95075
2287.446704	.94892
2287.687793	.94985
2287.928881	.94968
2288.169970	.94675
2288.411058	.94585
2288.652146	.9487
2288.893235	.95193
2289.134323	.95297
2289.375412	.9569
2289.616500	.95658
2289.857588	.9518
2290.098677	.94836
2290.339765	.95007
2290.580854	.9508
2290.821942	.94836
2291.063030	.94937
2291.304119	.9516
2291.545207	.95649
2291.786295	.96147
2292.027384	.95712
2292.268472	.95013
2292.509561	.94887
2292.750649	.94629
2292.991737	.94773
2293.232826	.95511
2293.473914	.95769
2293.715003	.95879
2293.956091	.95923
2294.197179	.9559
2294.438268	.95552
2294.679356	.96151
2294.920445	.96182
2295.161533	.95337
2295.402621	.94891
2295.643710	.95182
2295.884798	.95583
2296.125887	.95946
2296.366975	.95689
2296.608063	.95177
2296.849152	.9497
2297.090240	.95163
2297.331329	.9547
2297.572417	.95627
2297.813505	.95545
2298.054594	.95465
2298.295682	.95831
2298.536771	.96593
2298.777859	.96087
2299.018947	.95208
2299.260036	.95198
2299.501124	.95227
2299.742213	.95473
2299.983301	.95967
2300.224389	.95838
2300.465478	.96164
2300.706566	.96984
2300.947655	.96585
2301.188743	.95819
2301.429831	.95174
2301.670920	.95249
2301.912008	.95504
2302.153097	.95184
2302.394185	.95324
2302.635273	.96089
2302.876362	.96735
2303.117450	.96351
2303.358539	.95703
2303.599627	.95523
2303.840715	.9579
2304.081804	.96024
2304.322892	.95827
2304.563980	.9619
2304.805069	.97691
2305.046157	.98802
2305.287246	.97012
2305.528334	.96021
2305.769422	.95864
2306.010511	.96148
2306.251599	.95896
2306.492688	.95835
2306.733776	.96649
2306.974864	.98191
2307.215953	.98696
2307.457041	.97295
2307.698130	.96768
2307.939218	.96631
2308.180306	.96056
2308.421395	.958
2308.662483	.96564
2308.903572	.98146
2309.144660	1.0048
2309.385748	1.0014
2309.626837	.9789
2309.867925	.97103
2310.109014	.96302
2310.350102	.95989
2310.591190	.96612
2310.832279	.97744
2311.073367	.99206
2311.314456	1.0104
2311.555544	1.0008
2311.796632	.98427
2312.037721	.97215
2312.278809	.96613
2312.519898	.96852
2312.760986	.97285
2313.002074	.98168
2313.243163	1.0082
2313.484251	1.0319
2313.725340	1.0016
2313.966428	.9703
2314.207516	.96046
2314.448605	.96964
2314.689693	.97646
2314.930782	.97618
2315.171870	.99518
2315.412958	1.0302
2315.654047	1.0091
2315.895135	.97961
2316.136224	.96912
2316.377312	.97683
2316.618400	.97528
2316.859489	.97795
2317.100577	1
2317.341666	1.0449
2317.582754	1.0287
2317.823842	.99326
2318.064931	.98118
2318.306019	.97889
2318.547107	.97427
2318.788196	.98034
2319.029284	1
2319.270373	1.0509
2319.511461	1.0686
2319.752549	1.026
2319.993638	1.0024
2320.234726	.97725
2320.475815	.97192
2320.716903	.98767
2320.957991	1.0198
2321.199080	1.0701
2321.440168	1.0851
2321.681257	1.0382
2321.922345	1.0054
2322.163433	.98627
2322.404522	.98678
2322.645610	.99803
2322.886699	1.0259
2323.127787	1.0674
2323.368875	1.097
2323.609964	1.0379
2323.851052	1.004
2324.092141	.99093
2324.333229	1.0006
2324.574317	1.0245
2324.815406	1.0416
2325.056494	1.0646
2325.297583	1.0776
2325.538671	1.0214
2325.779759	.99322
2326.020848	.99111
2326.261936	.99693
2326.503025	1.0053
2326.744113	1.0372
2326.985201	1.0963
2327.226290	1.0731
2327.467378	1.0296
2327.708467	1.0118
2327.949555	1.0084
2328.190643	1.0029
2328.431732	1.0135
2328.672820	1.0519
2328.913909	1.1045
2329.154997	1.0682
2329.396085	1.0466
2329.637174	1.0227
2329.878262	1.006
2330.119351	1.0107
2330.360439	1.0456
2330.601527	1.1004
2330.842616	1.0742
2331.083704	1.0434
2331.324792	1.0216
2331.565881	.99951
2331.806969	1.0037
2332.048058	1.032
2332.289146	1.0727
2332.530234	1.096
2332.771323	1.0623
2333.012411	1.0382
2333.253500	1.0121
2333.494588	1.0023
2333.735676	1.0186
2333.976765	1.044
2334.217853	1.0827
2334.458942	1.1562
2334.700030	1.0662
2334.941118	1.0276
2335.182207	1.0105
2335.423295	1.0099
2335.664384	1.0292
2335.905472	1.0743
2336.146560	1.1032
2336.387649	1.0649
2336.628737	1.0446
2336.869826	1.0245
2337.110914	1.0136
2337.352002	1.0251
2337.593091	1.0616
2337.834179	1.1378
2338.075268	1.0943
2338.316356	1.0464
2338.557444	1.02
2338.798533	1.0089
2339.039621	1.0178
2339.280710	1.0522
2339.521798	1.1002
2339.762886	1.1271
2340.003975	1.068
2340.245063	1.0284
2340.486152	1.0148
2340.727240	1.0292
2340.968328	1.0698
2341.209417	1.1144
2341.450505	1.0778
2341.691594	1.0472
2341.932682	1.0266
2342.173770	1.0227
2342.414859	1.0339
2342.655947	1.0683
2342.897036	1.127
2343.138124	1.0839
2343.379212	1.0519
2343.620301	1.0333
2343.861389	1.0221
2344.102477	1.0292
2344.343566	1.0684
2344.584654	1.1625
2344.825743	1.1033
2345.066831	1.0441
2345.307919	1.0104
2345.549008	1.0047
2345.790096	1.0303
2346.031185	1.0916
2346.272273	1.1407
2346.513361	1.0397
2346.754450	1.0029
2346.995538	.99637
2347.236627	1.0033
2347.477715	1.0184
2347.718803	1.0532
2347.959892	1.0444
2348.200980	1.0057
2348.442069	.99802
2348.683157	.98807
2348.924245	.979
2349.165334	.98308
2349.406422	.98221
2349.647511	.98926
2349.888599	1.0226
2350.129687	1.0508
2350.370776	1.023
2350.611864	.99826
2350.852953	.98869
2351.094041	1.0049
2351.335129	1.039
2351.576218	1.0673
2351.817306	1.0547
2352.058395	1.0177
2352.299483	1.0061
2352.540571	1.014
2352.781660	1.0256
2353.022748	1.0575
2353.263837	1.1187
2353.504925	1.0736
2353.746013	1.0428
2353.987102	1.025
2354.228190	1.0344
2354.469279	1.0854
2354.710367	1.2038
2354.951455	1.1034
2355.192544	1.0432
2355.433632	1.0284
2355.674721	1.0476
2355.915809	1.0739
2356.156897	1.1158
2356.397986	1.0958
2356.639074	1.0552
2356.880163	1.0395
2357.121251	1.0596
2357.362339	1.1127
2357.603428	1.1558
2357.844516	1.1072
2358.085604	1.0597
2358.326693	1.0444
2358.567781	1.0751
2358.808870	1.1526
2359.049958	1.1437
2359.291046	1.0736
2359.532135	1.0549
2359.773223	1.0566
2360.014312	1.0801
2360.255400	1.1503
2360.496488	1.1745
2360.737577	1.1004
2360.978665	1.0667
2361.219754	1.0725
2361.460842	1.1141
2361.701930	1.1651
2361.943019	1.0964
2362.184107	1.0607
2362.425196	1.0497
2362.666284	1.0754
2362.907372	1.1292
2363.148461	1.1224
2363.389549	1.0669
2363.630638	1.0462
2363.871726	1.0584
2364.112814	1.1017
2364.353903	1.1331
2364.594991	1.0938
2364.836080	1.0645
2365.077168	1.0578
2365.318256	1.0835
2365.559345	1.1334
2365.800433	1.1044
2366.041522	1.0697
2366.282610	1.051
2366.523698	1.0593
2366.764787	1.07
2367.005875	1.0528
2367.246964	1.0498
2367.488052	1.0373
2367.729140	1.048
2367.970229	1.1005
2368.211317	1.109
2368.452406	1.0493
2368.693494	1.0298
2368.934582	1.0424
2369.175671	1.0918
2369.416759	1.1031
2369.657848	1.036
2369.898936	1.0149
2370.140024	1.0218
2370.381113	1.0527
2370.622201	1.0581
2370.863289	1.0175
2371.104378	1.0036
2371.345466	1.0176
2371.586555	1.0575
2371.827643	1.0423
2372.068731	1.0112
2372.309820	1.0043
2372.550908	1.024
2372.791997	1.0564
2373.033085	1.0151
2373.274173	.99293
2373.515262	.99182
2373.756350	1.0214
2373.997439	1.0312
2374.238527	.99189
2374.479615	.9831
2374.720704	.99746
2374.961792	1.0244
2375.202881	1.0022
2375.443969	.98091
2375.685057	.98352
2375.926146	1.0117
2376.167234	1.0102
2376.408323	.97817
2376.649411	.97467
2376.890499	.99895
2377.131588	1.0128
2377.372676	.98044
2377.613765	.96839
2377.854853	.98231
2378.095941	1.0016
2378.337030	.97924
2378.578118	.96635
2378.819207	.97481
2379.060295	.98951
2379.301383	.97315
2379.542472	.96217
2379.783560	.96846
2380.024649	.98034
2380.265737	.96762
2380.506825	.95728
2380.747914	.965
2380.989002	.97301
2381.230091	.96076
2381.471179	.95353
2381.712267	.95818
2381.953356	.96003
2382.194444	.95162
2382.435533	.95653
2382.676621	.96328
2382.917709	.95559
2383.158798	.94815
2383.399886	.94998
2383.640974	.95606
2383.882063	.95293
2384.123151	.95131
2384.364240	.95731
2384.605328	.95697
2384.846416	.95269
2385.087505	.94968
2385.328593	.94817
2385.569682	.94725
2385.810770	.95018
2386.051858	.9526
2386.292947	.95047
2386.534035	.95153
2386.775124	.9528
2387.016212	.94899
2387.257300	.94766
2387.498389	.94904
2387.739477	.94618
2387.980566	.94486
2388.221654	.94912
2388.462742	.95087
2388.703831	.94938
2388.944919	.94797
2389.186008	.94633
2389.427096	.94499
2389.668184	.94566
2389.909273	.94784
2390.150361	.94826
2390.391450	.94649
2390.632538	.94542
2390.873626	.9488
2391.114715	.94992
2391.355803	.94623
2391.596892	.94308
2391.837980	.94154
2392.079068	.94398
2392.320157	.9466
2392.561245	.94585
2392.802334	.94658
2393.043422	.94659
2393.284510	.94575
2393.525599	.94656
2393.766687	.94871
2394.007776	.94982
2394.248864	.95027
2394.489952	.94833
2394.731041	.94489
2394.972129	.94531
2395.213218	.94744
2395.454306	.94533
2395.695394	.94148
2395.936483	.94336
2396.177571	.94613
2396.418660	.94631
2396.659748	.9461
2396.900836	.94432
2397.141925	.94245
2397.383013	.94441
2397.624101	.94474
2397.865190	.94533
2398.106278	.94656
2398.347367	.94502
2398.588455	.94351
2398.829543	.94624
2399.070632	.94661
2399.311720	.94819
2399.552809	.94792
2399.793897	.94376
2400.034985	.947
2400.276074	.95204
2400.517162	.94814
2400.758251	.94567
2400.999339	.94742
2401.240427	.94757
2401.481516	.94577
2401.722604	.94591
2401.963693	.94667
2402.204781	.94657
2402.445869	.94619
2402.686958	.94623
2402.928046	.94706
2403.169135	.94761
2403.410223	.94784
2403.651311	.95022
2403.892400	.95081
2404.133488	.9485
2404.374577	.94577
2404.615665	.94401
2404.856753	.94543
2405.097842	.94395
2405.338930	.94561
2405.580019	.94717
2405.821107	.94542
2406.062195	.9483
2406.303284	.94845
2406.544372	.94566
2406.785461	.94436
2407.026549	.94438
2407.267637	.94649
2407.508726	.94679
2407.749814	.94708
2407.990903	.94614
2408.231991	.94595
2408.473079	.94506
2408.714168	.9431
2408.955256	.94506
2409.196345	.9473
2409.437433	.94829
2409.678521	.94809
2409.919610	.94555
2410.160698	.94639
2410.401786	.94862
2410.642875	.9475
2410.883963	.94637
2411.125052	.94623
2411.366140	.94728
2411.607228	.95016
2411.848317	.95142
2412.089405	.94822
2412.330494	.94821
2412.571582	.94866
2412.812670	.94597
2413.053759	.94873
2413.294847	.94714
2413.535936	.94168
2413.777024	.94434
2414.018112	.94595
2414.259201	.94518
2414.500289	.94679
2414.741378	.94964
2414.982466	.94757
2415.223554	.9458
2415.464643	.94531
2415.705731	.9451
2415.946820	.94654
2416.187908	.94808
2416.428996	.94818
2416.670085	.94847
2416.911173	.94632
2417.152262	.94476
2417.393350	.94358
2417.634438	.94243
2417.875527	.94472
2418.116615	.9483
2418.357704	.94878
2418.598792	.94583
2418.839880	.94317
2419.080969	.94446
2419.322057	.94714
2419.563146	.94757
2419.804234	.94756
2420.045322	.94854
2420.286411	.94938
2420.527499	.94806
2420.768588	.94397
2421.009676	.94468
2421.250764	.94817
2421.491853	.94826
2421.732941	.94443
2421.974030	.94323
2422.215118	.94498
2422.456206	.9473
2422.697295	.94997
2422.938383	.95108
2423.179471	.95022
2423.420560	.94728
2423.661648	.94488
2423.902737	.94643
2424.143825	.94663
2424.384913	.9475
2424.626002	.94737
2424.867090	.94462
2425.108179	.94352
2425.349267	.94509
2425.590355	.94942
2425.831444	.94854
2426.072532	.94545
2426.313621	.94294
2426.554709	.94478
2426.795797	.94846
2427.036886	.94872
2427.277974	.94705
2427.519063	.9481
2427.760151	.9504
2428.001239	.94631
2428.242328	.94504
2428.483416	.94627
2428.724505	.94522
2428.965593	.94458
2429.206681	.94519
2429.447770	.94684
2429.688858	.948
2429.929947	.94784
2430.171035	.94659
2430.412123	.94595
2430.653212	.94605
2430.894300	.94644
2431.135389	.94625
2431.376477	.94701
2431.617565	.94852
2431.858654	.94841
2432.099742	.94855
2432.340831	.94737
2432.581919	.94669
2432.823007	.94611
2433.064096	.94247
2433.305184	.93975
2433.546273	.94346
2433.787361	.94727
2434.028449	.94895
2434.269538	.94723
2434.510626	.94736
2434.751715	.94822
2434.992803	.94841
2435.233891	.94717
2435.474980	.94429
2435.716068	.94336
2435.957156	.94563
2436.198245	.94523
2436.439333	.94351
2436.680422	.9451
2436.921510	.94844
2437.162598	.94865
2437.403687	.94608
2437.644775	.94536
2437.885864	.94776
2438.126952	.94941
2438.368040	.94756
2438.609129	.94417
2438.850217	.94468
2439.091306	.94738
2439.332394	.94885
2439.573482	.94766
2439.814571	.94593
2440.055659	.94724
2440.296748	.94639
2440.537836	.9439
2440.778924	.945
2441.020013	.94644
2441.261101	.94601
2441.502190	.94565
2441.743278	.94765
2441.984366	.94752
2442.225455	.94762
2442.466543	.94531
2442.707632	.94334
2442.948720	.94516
2443.189808	.94655
2443.430897	.95008
2443.671985	.95092
2443.913074	.94591
2444.154162	.94433
2444.395250	.94494
2444.636339	.94662
2444.877427	.94699
2445.118516	.94773
2445.359604	.94803
2445.600692	.94359
2445.841781	.94151
2446.082869	.94544
2446.323958	.95005
2446.565046	.95039
2446.806134	.94744
2447.047223	.94586
2447.288311	.94713
2447.529400	.94846
2447.770488	.94973
2448.011576	.94861
2448.252665	.94615
2448.493753	.94438
2448.734842	.94469
2448.975930	.94705
2449.217018	.94688
2449.458107	.94644
2449.699195	.94765
2449.940283	.94607
2450.181372	.94728
2450.422460	.94941
2450.663549	.94885
2450.904637	.94745
2451.145725	.94834
2451.386814	.94728
2451.627902	.94529
2451.868991	.94839
2452.110079	.94826
2452.351167	.94291
2452.592256	.94377
2452.833344	.94859
2453.074433	.94867
2453.315521	.94755
2453.556609	.94844
2453.797698	.94653
2454.038786	.94898
2454.279875	.95101
2454.520963	.94662
2454.762051	.94556
2455.003140	.94892
2455.244228	.94957
2455.485317	.94473
2455.726405	.94192
2455.967493	.94521
2456.208582	.94689
2456.449670	.94436
2456.690759	.94703
2456.931847	.94956
2457.172935	.94698
2457.414024	.94622
2457.655112	.94889
2457.896201	.94945
2458.137289	.94658
2458.378377	.9441
2458.619466	.94628
2458.860554	.94657
2459.101643	.94425
2459.342731	.94503
2459.583819	.94829
2459.824908	.95046
2460.065996	.94935
2460.307085	.94725
2460.548173	.94558
2460.789261	.94905
2461.030350	.95089
2461.271438	.94963
2461.512527	.94825
2461.753615	.9431
2461.994703	.9424
2462.235792	.94378
2462.476880	.94274
2462.717968	.94405
2462.959057	.94362
2463.200145	.94742
2463.441234	.94829
2463.682322	.94588
2463.923410	.9464
2464.164499	.94903
2464.405587	.94899
2464.646676	.94344
2464.887764	.94158
2465.128852	.94174
2465.369941	.94428
2465.611029	.94651
2465.852118	.94817
2466.093206	.94705
2466.334294	.9469
2466.575383	.94806
2466.816471	.94924
2467.057560	.94398
2467.298648	.94164
2467.539736	.94674
2467.780825	.95029
2468.021913	.95057
2468.263002	.95103
2468.504090	.95185
2468.745178	.94614
2468.986267	.9426
2469.227355	.94454
2469.468444	.94517
2469.709532	.94899
2469.950620	.95073
2470.191709	.94872
2470.432797	.94538
2470.673886	.94401
2470.914974	.94711
2471.156062	.94695
2471.397151	.94488
2471.638239	.94869
2471.879328	.94803
2472.120416	.94474
2472.361504	.94782
2472.602593	.94878
2472.843681	.94746
2473.084770	.94673
2473.325858	.94543
2473.566946	.94551
2473.808035	.94963
2474.049123	.95286
2474.290212	.94977
2474.531300	.94583
2474.772388	.94542
2475.013477	.94473
2475.254565	.94773
2475.495653	.94865
2475.736742	.94474
2475.977830	.9433
2476.218919	.94973
2476.460007	.94997
2476.701095	.94551
2476.942184	.94371
2477.183272	.94325
2477.424361	.9471
2477.665449	.94961
2477.906537	.94663
2478.147626	.94554
2478.388714	.94585
2478.629803	.94737
2478.870891	.9509
2479.111979	.94846
2479.353068	.94407
2479.594156	.94412
2479.835245	.94597
2480.076333	.95218
2480.317421	.95152
2480.558510	.94851
2480.799598	.9476
2481.040687	.9468
2481.281775	.94931
2481.522863	.94955
2481.763952	.94772
2482.005040	.94844
2482.246129	.94832
2482.487217	.94736
2482.728305	.94625
2482.969394	.94602
2483.210482	.94792
2483.451571	.94995
2483.692659	.94792
2483.933747	.94505
2484.174836	.9457
2484.415924	.94258
2484.657013	.94158
2484.898101	.94283
2485.139189	.94748
2485.380278	.94856
2485.621366	.94171
2485.862455	.94048
2486.103543	.94378
2486.344631	.94533
2486.585720	.94455
2486.826808	.94497
2487.067897	.94388
2487.308985	.94318
2487.550073	.94649
2487.791162	.94808
2488.032250	.94831
2488.273339	.94626
2488.514427	.94357
2488.755515	.94357
2488.996604	.94424
2489.237692	.94701
2489.478780	.94874
2489.719869	.94744
2489.960957	.94691
2490.202046	.94662
2490.443134	.94581
2490.684222	.94749
2490.925311	.94874
2491.166399	.94586
2491.407488	.9438
2491.648576	.9428
2491.889664	.94234
2492.130753	.943
2492.371841	.9445
2492.612930	.94684
2492.854018	.94864
2493.095106	.94862
2493.336195	.94988
2493.577283	.94766
2493.818372	.94386
2494.059460	.94365
2494.300548	.94373
2494.541637	.94628
2494.782725	.94879
2495.023814	.94655
2495.264902	.94338
2495.505990	.94567
2495.747079	.94801
2495.988167	.94878
2496.229256	.94672
2496.470344	.94488
2496.711432	.94661
2496.952521	.94551
2497.193609	.94245
2497.434698	.94372
2497.675786	.94519
2497.916874	.94252
2498.157963	.94413
2498.399051	.94787
2498.640140	.94715
2498.881228	.94588
2499.122316	.94669
2499.363405	.94487
2499.604493	.94595
2499.845582	.94669
2500.086670	.94394
2500.327758	.94477
2500.568847	.94499
2500.809935	.9446
2501.051024	.94451
2501.292112	.94198
2501.533200	.9442
2501.774289	.9474
2502.015377	.94683
2502.256465	.9469
2502.497554	.94921
2502.738642	.95004
2502.979731	.95156
2503.220819	.94956
2503.461907	.94401
2503.702996	.94298
2503.944084	.94438
2504.185173	.94631
2504.426261	.94754
2504.667349	.94787
2504.908438	.94494
2505.149526	.94519
2505.390615	.94568
2505.631703	.94348
2505.872791	.9433
2506.113880	.94494
2506.354968	.94717
2506.596057	.94759
2506.837145	.94993
2507.078233	.94868
2507.319322	.94479
2507.560410	.94463
2507.801499	.94709
2508.042587	.94815
2508.283675	.9467
2508.524764	.94772
2508.765852	.95127
2509.006941	.95126
2509.248029	.95038
2509.489117	.94909
2509.730206	.94688
2509.971294	.94595
2510.212383	.9464
2510.453471	.9474
2510.694559	.95059
2510.935648	.95295
2511.176736	.95104
2511.417825	.9459
2511.658913	.94392
2511.900001	.94778
2512.141090	.95043
2512.382178	.9465
2512.623267	.94343
2512.864355	.94595
2513.105443	.94577
2513.346532	.94475
2513.587620	.94495
2513.828709	.94472
2514.069797	.9451
2514.310885	.94655
2514.551974	.94596
2514.793062	.94601
2515.034150	.94606
2515.275239	.94775
2515.516327	.95065
2515.757416	.95024
2515.998504	.9473
2516.239592	.94654
2516.480681	.94499
2516.721769	.94571
2516.962858	.94837
2517.203946	.95168
2517.445034	.95329
2517.686123	.94927
2517.927211	.94687
2518.168300	.943
2518.409388	.93809
2518.650476	.94164
2518.891565	.94716
2519.132653	.94801
2519.373742	.94829
2519.614830	.94825
2519.855918	.94904
2520.097007	.94921
2520.338095	.94876
2520.579184	.94673
2520.820272	.94798
2521.061360	.94624
2521.302449	.94707
2521.543537	.94875
2521.784626	.94505
2522.025714	.94325
2522.266802	.94538
2522.507891	.94682
2522.748979	.94704
2522.990068	.94863
2523.231156	.94949
2523.472244	.94547
2523.713333	.94146
2523.954421	.94087
2524.195510	.94557
2524.436598	.95038
2524.677686	.94973
2524.918775	.94577
2525.159863	.94812
2525.400952	.95142
2525.642040	.95115
2525.883128	.94822
2526.124217	.94607
2526.365305	.94747
2526.606394	.94975
2526.847482	.94637
2527.088570	.94577
2527.329659	.94888
2527.570747	.95062
2527.811835	.94853
2528.052924	.94643
2528.294012	.94724
2528.535101	.94584
2528.776189	.94546
2529.017277	.94626
2529.258366	.94347
2529.499454	.94545
2529.740543	.94941
2529.981631	.94693
2530.222719	.94321
2530.463808	.94508
2530.704896	.947
2530.945985	.94574
2531.187073	.94656
2531.428161	.9474
2531.669250	.94708
2531.910338	.94548
2532.151427	.94423
2532.392515	.94771
2532.633603	.94882
2532.874692	.94633
2533.115780	.94643
2533.356869	.94654
2533.597957	.94758
2533.839045	.94658
2534.080134	.94683
2534.321222	.94951
2534.562311	.94881
2534.803399	.9473
2535.044487	.94532
2535.285576	.94247
2535.526664	.94498
2535.767753	.94732
2536.008841	.94646
2536.249929	.9506
2536.491018	.95123
2536.732106	.94659
2536.973195	.94538
2537.214283	.94619
2537.455371	.94619
2537.696460	.94646
2537.937548	.94762
2538.178637	.94793
2538.419725	.9469
2538.660813	.94658
2538.901902	.94705
2539.142990	.94726
2539.384079	.94679
2539.625167	.94711
2539.866255	.9463
2540.107344	.94586
2540.348432	.94674
2540.589521	.94663
2540.830609	.94737
2541.071697	.94734
2541.312786	.94895
2541.553874	.94868
2541.794962	.94866
2542.036051	.94524
2542.277139	.94176
2542.518228	.94225
2542.759316	.94208
2543.000404	.9435
2543.241493	.94718
2543.482581	.95009
2543.723670	.95134
2543.964758	.94789
2544.205846	.94726
2544.446935	.9502
2544.688023	.95082
2544.929112	.95055
2545.170200	.95108
2545.411288	.95074
2545.652377	.94739
2545.893465	.94316
2546.134554	.94738
2546.375642	.94967
2546.616730	.94875
2546.857819	.94599
2547.098907	.94494
2547.339996	.94754
2547.581084	.94717
2547.822172	.94461
2548.063261	.94469
2548.304349	.94246
2548.545438	.94557
2548.786526	.95037
2549.027614	.94717
2549.268703	.94573
2549.509791	.94625
2549.750880	.94732
2549.991968	.94938
2550.233056	.94857
2550.474145	.94562
2550.715233	.94452
2550.956322	.94607
2551.197410	.94735
2551.438498	.94609
2551.679587	.94317
2551.920675	.94241
2552.161764	.94252
2552.402852	.94406
2552.643940	.94704
2552.885029	.94381
2553.126117	.94429
2553.367206	.94703
2553.608294	.9482
2553.849382	.94981
2554.090471	.94674
2554.331559	.94352
2554.572647	.94564
2554.813736	.94722
2555.054824	.94596
2555.295913	.94705
2555.537001	.94993
2555.778089	.95115
2556.019178	.94857
2556.260266	.94754
2556.501355	.94817
2556.742443	.94934
2556.983531	.94941
2557.224620	.94392
2557.465708	.94224
2557.706797	.94625
2557.947885	.94941
2558.188973	.94991
2558.430062	.94716
2558.671150	.94546
2558.912239	.94602
2559.153327	.94868
2559.394415	.94922
2559.635504	.94728
2559.876592	.94427
2560.117681	.94284
2560.358769	.94766
2560.599857	.95399
2560.840946	.95191
2561.082034	.94611
2561.323123	.94356
2561.564211	.94475
2561.805299	.94775
2562.046388	.94791
2562.287476	.94586
2562.528565	.94413
2562.769653	.94274
2563.010741	.94785
2563.251830	.95017
2563.492918	.94684
2563.734007	.94518
2563.975095	.94828
2564.216183	.95296
2564.457272	.94968
2564.698360	.94536
2564.939449	.94578
2565.180537	.94729
2565.421625	.94846
2565.662714	.95005
2565.903802	.94763
2566.144891	.94519
2566.385979	.94595
2566.627067	.9452
2566.868156	.94405
2567.109244	.94589
2567.350332	.94872
2567.591421	.94582
2567.832509	.94283
2568.073598	.9425
2568.314686	.94393
2568.555774	.94643
2568.796863	.94633
2569.037951	.94708
2569.279040	.9482
2569.520128	.94841
2569.761216	.9474
2570.002305	.94394
2570.243393	.94629
2570.484482	.94803
2570.725570	.94618
2570.966658	.94526
2571.207747	.94692
2571.448835	.95342
2571.689924	.95176
2571.931012	.94576
2572.172100	.94506
2572.413189	.94517
2572.654277	.94536
2572.895366	.94576
2573.136454	.94808
2573.377542	.94868
2573.618631	.94715
2573.859719	.94995
2574.100808	.95066
2574.341896	.94903
2574.582984	.94702
2574.824073	.94379
2575.065161	.94513
2575.306250	.94769
2575.547338	.94461
2575.788426	.94277
2576.029515	.94426
2576.270603	.94493
2576.511692	.94836
2576.752780	.95031
2576.993868	.94709
2577.234957	.9474
2577.476045	.9473
2577.717134	.94684
2577.958222	.9477
2578.199310	.94863
2578.440399	.94745
2578.681487	.94696
2578.922576	.9472
2579.163664	.94858
2579.404752	.94946
2579.645841	.94779
2579.886929	.94716
2580.128018	.94673
2580.369106	.94791
2580.610194	.95026
2580.851283	.94863
2581.092371	.94466
2581.333459	.94432
2581.574548	.94212
2581.815636	.94362
2582.056725	.94944
2582.297813	.95084
2582.538901	.9482
2582.779990	.94595
2583.021078	.9478
2583.262167	.94891
2583.503255	.9493
2583.744343	.94938
2583.985432	.94905
2584.226520	.94953
2584.467609	.94771
2584.708697	.94554
2584.949785	.94254
2585.190874	.94434
2585.431962	.94662
2585.673051	.94494
2585.914139	.9462
2586.155227	.94616
2586.396316	.94767
2586.637404	.95089
2586.878493	.95331
2587.119581	.95087
2587.360669	.94618
2587.601758	.94667
2587.842846	.94606
2588.083935	.94255
2588.325023	.94295
2588.566111	.94885
2588.807200	.95322
2589.048288	.95338
2589.289377	.94784
2589.530465	.94037
2589.771553	.94152
2590.012642	.94428
2590.253730	.94581
2590.494819	.94612
2590.735907	.94623
2590.976995	.94683
2591.218084	.9506
2591.459172	.95002
2591.700261	.94852
2591.941349	.94904
2592.182437	.94616
2592.423526	.9463
2592.664614	.95041
2592.905703	.94913
2593.146791	.94374
2593.387879	.94431
2593.628968	.94761
2593.870056	.9499
2594.111144	.94863
2594.352233	.94765
2594.593321	.94748
2594.834410	.94615
2595.075498	.94881
2595.316586	.95341
2595.557675	.95397
2595.798763	.95271
2596.039852	.9495
2596.280940	.94535
2596.522028	.94474
2596.763117	.9475
2597.004205	.94696
2597.245294	.94548
2597.486382	.94759
2597.727470	.94672
2597.968559	.94925
2598.209647	.95054
2598.450736	.951
2598.691824	.94742
2598.932912	.94279
2599.174001	.94568
2599.415089	.95023
2599.656178	.94962
2599.897266	.94557
2600.138354	.94404
2600.379443	.94667
2600.620531	.94762
2600.861620	.94901
2601.102708	.94596
2601.343796	.94277
2601.584885	.94622
2601.825973	.94934
2602.067062	.95047
2602.308150	.95047
2602.549238	.94704
2602.790327	.94545
2603.031415	.94711
2603.272504	.94698
2603.513592	.94638
2603.754680	.94628
2603.995769	.94478
2604.236857	.94446
2604.477946	.94597
2604.719034	.94778
2604.960122	.94771
2605.201211	.946
2605.442299	.94545
2605.683388	.94378
2605.924476	.94279
2606.165564	.94721
2606.406653	.94901
2606.647741	.94508
2606.888829	.94721
2607.129918	.94813
2607.371006	.94542
2607.612095	.94616
2607.853183	.94615
2608.094271	.94379
2608.335360	.9445
2608.576448	.9475
2608.817537	.94872
2609.058625	.95117
2609.299713	.95314
2609.540802	.94819
2609.781890	.94401
2610.022979	.94312
2610.264067	.94514
2610.505155	.94774
2610.746244	.94616
2610.987332	.94645
2611.228421	.94602
2611.469509	.94732
2611.710597	.947
2611.951686	.94656
2612.192774	.94686
2612.433863	.94734
2612.674951	.94981
2612.916039	.94987
2613.157128	.94543
2613.398216	.94473
2613.639305	.94154
2613.880393	.93935
2614.121481	.94155
2614.362570	.94413
2614.603658	.94568
2614.844747	.94901
2615.085835	.95243
2615.326923	.95239
2615.568012	.94907
2615.809100	.94607
2616.050189	.94353
2616.291277	.94265
2616.532365	.94669
2616.773454	.94774
2617.014542	.94892
2617.255631	.95048
2617.496719	.9479
2617.737807	.94393
2617.978896	.94219
2618.219984	.94502
2618.461073	.95053
2618.702161	.95065
2618.943249	.94781
2619.184338	.94523
2619.425426	.94406
2619.666515	.94637
2619.907603	.94601
2620.148691	.94313
2620.389780	.94119
2620.630868	.94212
2620.871956	.94703
2621.113045	.94865
2621.354133	.9492
2621.595222	.94958
2621.836310	.94488
2622.077398	.94264
2622.318487	.94504
2622.559575	.94745
2622.800664	.94667
2623.041752	.94568
2623.282840	.94226
2623.523929	.94086
2623.765017	.94377
2624.006106	.94668
2624.247194	.94769
2624.488282	.94674
2624.729371	.94906
2624.970459	.95073
2625.211548	.94948
2625.452636	.94853
2625.693724	.94486
2625.934813	.94439
2626.175901	.94554
2626.416990	.94595
2626.658078	.9449
2626.899166	.94274
2627.140255	.94312
2627.381343	.94468
2627.622432	.94566
2627.863520	.94574
2628.104608	.94749
2628.345697	.9449
2628.586785	.94285
2628.827874	.94666
2629.068962	.94906
2629.310050	.95004
2629.551139	.94981
2629.792227	.94846
2630.033316	.94538
2630.274404	.9447
2630.515492	.94438
2630.756581	.94236
2630.997669	.94498
2631.238758	.94627
2631.479846	.94927
2631.720934	.94823
2631.962023	.94558
2632.203111	.94504
2632.444200	.94507
2632.685288	.9465
2632.926376	.94635
2633.167465	.94894
2633.408553	.94939
2633.649641	.94891
2633.890730	.94978
2634.131818	.94689
2634.372907	.94713
2634.613995	.94793
2634.855083	.94894
2635.096172	.94702
2635.337260	.94469
2635.578349	.94506
2635.819437	.94462
2636.060525	.94402
2636.301614	.9461
2636.542702	.95031
2636.783791	.95198
2637.024879	.9471
2637.265967	.94442
2637.507056	.94473
2637.748144	.94348
2637.989233	.94735
2638.230321	.95108
2638.471409	.94709
2638.712498	.9487
2638.953586	.9501
2639.194675	.94775
2639.435763	.94809
2639.676851	.94513
2639.917940	.94516
2640.159028	.95076
2640.400117	.95257
2640.641205	.95041
2640.882293	.94647
2641.123382	.94582
2641.364470	.94718
2641.605559	.94764
2641.846647	.94906
2642.087735	.94798
2642.328824	.94556
2642.569912	.94289
2642.811001	.94864
2643.052089	.95715
2643.293177	.95301
2643.534266	.94559
2643.775354	.94481
2644.016443	.94872
2644.257531	.94807
2644.498619	.94458
2644.739708	.9437
2644.980796	.94388
2645.221885	.94486
2645.462973	.94477
2645.704061	.94548
2645.945150	.9483
2646.186238	.94731
2646.427326	.94566
2646.668415	.94427
2646.909503	.94379
2647.150592	.94651
2647.391680	.94949
2647.632768	.94869
2647.873857	.94334
2648.114945	.94052
2648.356034	.94213
2648.597122	.94144
2648.838210	.94231
2649.079299	.94679
2649.320387	.94988
2649.561476	.94949
2649.802564	.94823
2650.043652	.94552
2650.284741	.94465
2650.525829	.94518
2650.766918	.94639
2651.008006	.94926
2651.249094	.94864
2651.490183	.94716
2651.731271	.9448
2651.972360	.94208
2652.213448	.942
2652.454536	.94494
2652.695625	.94652
2652.936713	.94386
2653.177802	.94477
2653.418890	.94948
2653.659978	.95265
2653.901067	.95393
2654.142155	.95409
2654.383244	.95169
2654.624332	.94893
2654.865420	.9472
2655.106509	.94606
2655.347597	.9482
2655.588686	.94707
2655.829774	.94539
2656.070862	.94759
2656.311951	.94778
2656.553039	.94375
2656.794128	.93761
2657.035216	.93712
2657.276304	.94282
2657.517393	.94815
2657.758481	.94931
2657.999570	.94824
2658.240658	.94542
2658.481746	.94541
2658.722835	.94434
2658.963923	.94539
2659.205011	.95194
2659.446100	.95345
2659.687188	.9514
2659.928277	.9466
2660.169365	.94683
2660.410453	.94684
2660.651542	.94456
2660.892630	.94683
2661.133719	.94895
2661.374807	.94935
2661.615895	.94748
2661.856984	.94641
2662.098072	.94388
2662.339161	.94247
2662.580249	.94612
2662.821337	.94775
2663.062426	.94516
2663.303514	.94544
2663.544603	.94562
2663.785691	.94744
2664.026779	.94741
2664.267868	.94628
2664.508956	.9473
2664.750045	.94569
2664.991133	.94446
2665.232221	.94452
2665.473310	.94551
2665.714398	.94534
2665.955487	.94437
2666.196575	.94568
2666.437663	.94449
2666.678752	.94062
2666.919840	.94191
2667.160929	.9481
2667.402017	.95226
2667.643105	.95046
2667.884194	.94993
2668.125282	.95112
2668.366371	.95163
2668.607459	.94848
2668.848547	.94693
2669.089636	.9515
2669.330724	.9524
2669.571813	.94932
2669.812901	.9469
2670.053989	.94529
2670.295078	.94456
2670.536166	.94026
2670.777255	.94029
2671.018343	.93957
2671.259431	.93869
2671.500520	.9434
2671.741608	.94763
2671.982697	.94885
2672.223785	.9495
2672.464873	.9486
2672.705962	.95041
2672.947050	.95213
2673.188138	.94876
2673.429227	.94708
2673.670315	.94739
2673.911404	.94354
2674.152492	.94163
2674.393580	.94778
2674.634669	.94931
2674.875757	.94474
2675.116846	.94624
2675.357934	.94704
2675.599022	.94333
2675.840111	.94622
2676.081199	.95178
2676.322288	.95029
2676.563376	.94721
2676.804464	.94753
2677.045553	.94955
2677.286641	.94881
2677.527730	.94874
2677.768818	.95006
2678.009906	.94683
2678.250995	.94633
2678.492083	.94631
2678.733172	.94453
2678.974260	.94486
2679.215348	.94567
2679.456437	.9448
2679.697525	.94742
2679.938614	.95125
2680.179702	.95163
2680.420790	.94869
2680.661879	.94739
2680.902967	.94697
2681.144056	.94531
2681.385144	.94751
2681.626232	.95069
2681.867321	.94803
2682.108409	.94587
2682.349498	.94759
2682.590586	.94665
2682.831674	.94591
2683.072763	.94928
2683.313851	.95048
2683.554940	.9498
2683.796028	.94866
2684.037116	.94732
2684.278205	.94561
2684.519293	.9428
2684.760382	.94566
2685.001470	.9502
2685.242558	.95054
2685.483647	.94781
2685.724735	.94679
2685.965823	.94808
2686.206912	.94937
2686.448000	.95031
2686.689089	.94345
2686.930177	.93785
2687.171265	.94154
2687.412354	.94644
2687.653442	.94814
2687.894531	.95092
2688.135619	.94791
2688.376707	.94342
2688.617796	.94529
2688.858884	.94723
2689.099973	.94544
2689.341061	.94385
2689.582149	.94765
2689.823238	.9499
2690.064326	.9478
2690.305415	.94697
2690.546503	.94749
2690.787591	.94929
2691.028680	.94936
2691.269768	.94682
2691.510857	.9472
2691.751945	.94781
2691.993033	.94551
2692.234122	.94297
2692.475210	.94789
2692.716299	.94977
2692.957387	.9451
2693.198475	.94558
2693.439564	.95126
2693.680652	.95048
2693.921741	.94646
2694.162829	.94406
2694.403917	.9465
2694.645006	.94868
2694.886094	.94855
2695.127183	.946
2695.368271	.94503
2695.609359	.9425
2695.850448	.94439
2696.091536	.94636
2696.332625	.94306
2696.573713	.94382
2696.814801	.94424
2697.055890	.94474
2697.296978	.94621
2697.538067	.94359
2697.779155	.94245
2698.020243	.94527
2698.261332	.94565
2698.502420	.94484
2698.743508	.94776
2698.984597	.9496
2699.225685	.94751
2699.466774	.94653
2699.707862	.949
2699.948950	.94812
2700.190039	.94457
2700.431127	.94435
2700.672216	.94667
2700.913304	.94635
2701.154392	.94403
2701.395481	.94442
2701.636569	.94486
2701.877658	.94308
2702.118746	.94191
2702.359834	.94243
2702.600923	.94313
2702.842011	.94524
2703.083100	.95008
2703.324188	.951
2703.565276	.94759
2703.806365	.94794
2704.047453	.95043
2704.288542	.94803
2704.529630	.94408
2704.770718	.94317
2705.011807	.94729
2705.252895	.94845
2705.493984	.94845
2705.735072	.94686
2705.976160	.94346
2706.217249	.94339
2706.458337	.94545
2706.699426	.94697
2706.940514	.94542
2707.181602	.94198
2707.422691	.94275
2707.663779	.94667
2707.904868	.95012
2708.145956	.95059
2708.387044	.95101
2708.628133	.95143
2708.869221	.94555
2709.110310	.94099
2709.351398	.94363
2709.592486	.9466
2709.833575	.9454
2710.074663	.9478
2710.315752	.94888
2710.556840	.9479
2710.797928	.94812
2711.039017	.94802
2711.280105	.94527
2711.521194	.94362
2711.762282	.94575
2712.003370	.94495
2712.244459	.94392
2712.485547	.94667
2712.726635	.94989
2712.967724	.95163
2713.208812	.95057
2713.449901	.94558
2713.690989	.93964
2713.932077	.94043
2714.173166	.94738
2714.414254	.95222
2714.655343	.95115
2714.896431	.94979
2715.137519	.94739
2715.378608	.94581
2715.619696	.94744
2715.860785	.94349
2716.101873	.94214
2716.342961	.94663
2716.584050	.94843
2716.825138	.94784
2717.066227	.94926
2717.307315	.94541
2717.548403	.94263
2717.789492	.94196
2718.030580	.94231
2718.271669	.94294
2718.512757	.94382
2718.753845	.94707
2718.994934	.94971
2719.236022	.94833
2719.477111	.94598
2719.718199	.94587
2719.959287	.94549
2720.200376	.94397
2720.441464	.94671
2720.682553	.94966
2720.923641	.9467
2721.164729	.94101
2721.405818	.93981
2721.646906	.94233
2721.887995	.94478
2722.129083	.94349
2722.370171	.94042
2722.611260	.94209
2722.852348	.94523
2723.093437	.9488
2723.334525	.94736
2723.575613	.94512
2723.816702	.94442
2724.057790	.94137
2724.298879	.94389
2724.539967	.94941
2724.781055	.94973
2725.022144	.9456
2725.263232	.94191
2725.504320	.94073
2725.745409	.94137
2725.986497	.94646
2726.227586	.95036
2726.468674	.94893
2726.709762	.94727
2726.950851	.94787
2727.191939	.94755
2727.433028	.94443
2727.674116	.94415
2727.915204	.94525
2728.156293	.94463
2728.397381	.94452
2728.638470	.94502
2728.879558	.94514
2729.120646	.94611
2729.361735	.94708
2729.602823	.94662
2729.843912	.94588
2730.085000	.94781
2730.326088	.94753
2730.567177	.94392
2730.808265	.94451
2731.049354	.94741
2731.290442	.94709
2731.531530	.94897
2731.772619	.9487
2732.013707	.9482
2732.254796	.94833
2732.495884	.94684
2732.736972	.94428
2732.978061	.94653
2733.219149	.94982
2733.460238	.95127
2733.701326	.95059
2733.942414	.94924
2734.183503	.94906
2734.424591	.94937
2734.665680	.9491
2734.906768	.94763
2735.147856	.94324
2735.388945	.94424
2735.630033	.95059
2735.871122	.95043
2736.112210	.9459
2736.353298	.9413
2736.594387	.9392
2736.835475	.94212
2737.076564	.9496
2737.317652	.95042
2737.558740	.94581
2737.799829	.94323
2738.040917	.94399
2738.282005	.94785
2738.523094	.94957
2738.764182	.94809
2739.005271	.94716
2739.246359	.94442
2739.487447	.94634
2739.728536	.94795
2739.969624	.94694
2740.210713	.95038
2740.451801	.95277
2740.692889	.95076
2740.933978	.94643
2741.175066	.94481
2741.416155	.94859
2741.657243	.9447
2741.898331	.94069
2742.139420	.94372
2742.380508	.9445
2742.621597	.94326
2742.862685	.94593
2743.103773	.94561
2743.344862	.94665
2743.585950	.94982
2743.827039	.94662
2744.068127	.94529
2744.309215	.94506
2744.550304	.94495
2744.791392	.94683
2745.032481	.94849
2745.273569	.94957
2745.514657	.95265
2745.755746	.9518
2745.996834	.94716
2746.237923	.94774
2746.479011	.9458
2746.720099	.94158
2746.961188	.94052
2747.202276	.9428
2747.443365	.94391
2747.684453	.94335
2747.925541	.94517
2748.166630	.9467
2748.407718	.94413
2748.648807	.94438
2748.889895	.94657
2749.130983	.94711
2749.372072	.94737
2749.613160	.94797
2749.854249	.94475
2750.095337	.94364
2750.336425	.94585
2750.577514	.94656
2750.818602	.94797
2751.059690	.94828
2751.300779	.94458
2751.541867	.94231
2751.782956	.94483
2752.024044	.94734
2752.265132	.94353
2752.506221	.94248
2752.747309	.94466
2752.988398	.94467
2753.229486	.94726
2753.470574	.94773
2753.711663	.94968
2753.952751	.95082
2754.193840	.94941
2754.434928	.94707
2754.676016	.93885
2754.917105	.93729
2755.158193	.94265
2755.399282	.94563
2755.640370	.94511
2755.881458	.94497
2756.122547	.94821
2756.363635	.94956
2756.604724	.94977
2756.845812	.94541
2757.086900	.94121
2757.327989	.94469
2757.569077	.94831
2757.810166	.94682
2758.051254	.94709
2758.292342	.94678
2758.533431	.94805
2758.774519	.95081
2759.015608	.94851
2759.256696	.94741
2759.497784	.94759
2759.738873	.94587
2759.979961	.94593
2760.221050	.94461
2760.462138	.94286
2760.703226	.9451
2760.944315	.94577
2761.185403	.94429
2761.426492	.94382
2761.667580	.9446
2761.908668	.94323
2762.149757	.94508
2762.390845	.94796
2762.631934	.94701
2762.873022	.94663
2763.114110	.94574
2763.355199	.94219
2763.596287	.93935
2763.837376	.94045
2764.078464	.94407
2764.319552	.9456
2764.560641	.94597
2764.801729	.94435
2765.042817	.95026
2765.283906	.95355
2765.524994	.94896
2765.766083	.94825
2766.007171	.94894
2766.248259	.94567
2766.489348	.945
2766.730436	.94634
2766.971525	.9437
2767.212613	.94482
2767.453701	.94603
2767.694790	.94167
2767.935878	.94507
2768.176967	.95039
2768.418055	.94857
2768.659143	.94659
2768.900232	.94391
2769.141320	.94314
2769.382409	.94486
2769.623497	.94783
2769.864585	.94869
2770.105674	.94826
2770.346762	.94534
2770.587851	.94319
2770.828939	.94359
2771.070027	.94421
2771.311116	.94498
2771.552204	.94551
2771.793293	.95007
2772.034381	.95134
2772.275469	.94694
2772.516558	.94731
2772.757646	.94623
2772.998735	.94219
2773.239823	.94033
2773.480911	.93953
2773.722000	.94354
2773.963088	.94431
2774.204177	.94612
2774.445265	.94589
2774.686353	.94363
2774.927442	.94304
2775.168530	.94588
2775.409619	.94863
2775.650707	.94669
2775.891795	.94516
2776.132884	.94352
2776.373972	.94201
2776.615061	.94141
2776.856149	.94681
2777.097237	.94743
2777.338326	.94572
2777.579414	.94469
2777.820502	.9433
2778.061591	.94675
2778.302679	.94635
2778.543768	.94125
2778.784856	.94034
2779.025944	.94536
2779.267033	.94635
2779.508121	.94681
2779.749210	.94561
2779.990298	.94764
2780.231386	.94782
2780.472475	.9468
2780.713563	.94684
2780.954652	.94375
2781.195740	.94514
2781.436828	.94687
2781.677917	.94802
2781.919005	.94704
2782.160094	.94208
2782.401182	.9406
2782.642270	.94408
2782.883359	.94712
2783.124447	.94546
2783.365536	.94475
2783.606624	.94414
2783.847712	.94173
2784.088801	.94098
2784.329889	.94325
2784.570978	.94431
2784.812066	.94642
2785.053154	.9488
2785.294243	.94738
2785.535331	.94739
2785.776420	.94691
2786.017508	.94517
2786.258596	.94582
2786.499685	.94542
2786.740773	.94546
2786.981862	.94482
2787.222950	.94464
2787.464038	.94247
2787.705127	.94107
2787.946215	.94258
2788.187304	.94426
2788.428392	.94417
2788.669480	.94287
2788.910569	.94349
2789.151657	.94797
2789.392746	.9485
2789.633834	.94579
2789.874922	.94521
2790.116011	.94597
2790.357099	.94591
2790.598187	.94618
2790.839276	.94134
2791.080364	.93892
2791.321453	.94315
2791.562541	.94643
2791.803629	.94733
2792.044718	.94551
2792.285806	.94514
2792.526895	.94548
2792.767983	.94511
2793.009071	.94374
2793.250160	.94411
2793.491248	.94494
2793.732337	.94572
2793.973425	.9458
2794.214513	.94651
2794.455602	.9484
2794.696690	.94732
2794.937779	.94638
2795.178867	.9444
2795.419955	.94362
2795.661044	.94446
2795.902132	.94699
2796.143221	.94738
2796.384309	.94524
2796.625397	.94655
2796.866486	.9478
2797.107574	.94461
2797.348663	.94343
2797.589751	.94615
2797.830839	.95163
2798.071928	.9515
2798.313016	.94708
2798.554105	.94466
2798.795193	.94113
2799.036281	.9403
2799.277370	.93997
2799.518458	.94428
2799.759547	.94829
2800.000635	.94665
2800.241723	.94618
2800.482812	.94398
2800.723900	.94266
2800.964989	.94578
2801.206077	.94566
2801.447165	.94159
2801.688254	.94049
2801.929342	.94054
2802.170431	.94305
2802.411519	.94692
2802.652607	.9464
2802.893696	.94452
2803.134784	.9461
2803.375873	.94425
2803.616961	.94199
2803.858049	.9462
2804.099138	.94826
2804.340226	.945
2804.581314	.94171
2804.822403	.94317
2805.063491	.94438
2805.304580	.94401
2805.545668	.94483
2805.786756	.94634
2806.027845	.94584
2806.268933	.94666
2806.510022	.94798
2806.751110	.94603
2806.992198	.94283
2807.233287	.94009
2807.474375	.94153
2807.715464	.94297
2807.956552	.94691
2808.197640	.95177
2808.438729	.94829
2808.679817	.9422
2808.920906	.94262
2809.161994	.94446
2809.403082	.9469
2809.644171	.94718
2809.885259	.94393
2810.126348	.94221
2810.367436	.94346
2810.608524	.9466
2810.849613	.9478
2811.090701	.94651
2811.331790	.94488
2811.572878	.94533
2811.813966	.94742
2812.055055	.94414
2812.296143	.94495
2812.537232	.94805
2812.778320	.94732
2813.019408	.94469
2813.260497	.94448
2813.501585	.94726
2813.742674	.94726
2813.983762	.94722
2814.224850	.94673
2814.465939	.94686
2814.707027	.94608
2814.948116	.94443
2815.189204	.94339
2815.430292	.94277
2815.671381	.9438
2815.912469	.94464
2816.153558	.94145
2816.394646	.94102
2816.635734	.94414
2816.876823	.94451
2817.117911	.94215
2817.358999	.94404
2817.600088	.94595
2817.841176	.94614
2818.082265	.94649
2818.323353	.94592
2818.564441	.94554
2818.805530	.9477
2819.046618	.94786
2819.287707	.94401
2819.528795	.94168
2819.769883	.94321
2820.010972	.94608
2820.252060	.94375
2820.493149	.94527
2820.734237	.94522
2820.975325	.94514
2821.216414	.94737
2821.457502	.94426
2821.698591	.94166
2821.939679	.93988
2822.180767	.94212
2822.421856	.94223
2822.662944	.94059
2822.904033	.94343
2823.145121	.94303
2823.386209	.94276
2823.627298	.94651
2823.868386	.94934
2824.109475	.94636
2824.350563	.94322
2824.591651	.94316
2824.832740	.94165
2825.073828	.94187
2825.314917	.9448
2825.556005	.94757
2825.797093	.95138
2826.038182	.95251
2826.279270	.9478
2826.520359	.94551
2826.761447	.94585
2827.002535	.9442
2827.243624	.94427
2827.484712	.94794
2827.725801	.94373
2827.966889	.93902
2828.207977	.94435
2828.449066	.9452
2828.690154	.94509
2828.931243	.9497
2829.172331	.94975
2829.413419	.94796
2829.654508	.94498
2829.895596	.94194
2830.136684	.94206
2830.377773	.94486
2830.618861	.94677
2830.859950	.94403
2831.101038	.94337
2831.342126	.94609
2831.583215	.94542
2831.824303	.94567
2832.065392	.94629
2832.306480	.94352
2832.547568	.9439
2832.788657	.94395
2833.029745	.94466
2833.270834	.94805
2833.511922	.94714
2833.753010	.94613
2833.994099	.94605
2834.235187	.94603
2834.476276	.94449
2834.717364	.94275
2834.958452	.94329
2835.199541	.94579
2835.440629	.94452
2835.681718	.94239
2835.922806	.942
2836.163894	.94317
2836.404983	.94418
2836.646071	.94398
2836.887160	.94346
2837.128248	.94556
2837.369336	.94523
2837.610425	.94066
2837.851513	.93887
2838.092602	.94113
2838.333690	.94221
2838.574778	.94316
2838.815867	.94679
2839.056955	.94446
2839.298044	.94028
2839.539132	.94206
2839.780220	.94427
2840.021309	.94532
2840.262397	.94412
2840.503486	.94047
2840.744574	.94075
2840.985662	.94192
2841.226751	.94262
2841.467839	.94583
2841.708928	.94524
2841.950016	.94306
2842.191104	.94525
2842.432193	.94563
2842.673281	.94187
2842.914370	.94299
2843.155458	.94354
2843.396546	.94002
2843.637635	.94105
2843.878723	.94448
2844.119811	.94265
2844.360900	.94122
2844.601988	.94175
2844.843077	.94151
2845.084165	.94065
2845.325253	.94116
2845.566342	.94235
2845.807430	.94414
2846.048519	.94357
2846.289607	.94137
2846.530695	.93709
2846.771784	.93705
2847.012872	.9416
2847.253961	.94529
2847.495049	.9445
2847.736137	.93779
2847.977226	.93273
2848.218314	.93745
2848.459403	.94286
2848.700491	.94344
2848.941579	.94228
2849.182668	.94001
2849.423756	.94007
2849.664845	.94026
2849.905933	.94145
2850.147021	.94481
2850.388110	.94335
2850.629198	.94014
2850.870287	.9406
2851.111375	.93772
2851.352463	.93643
2851.593552	.93968
2851.834640	.93921
2852.075729	.93842
2852.316817	.93664
2852.557905	.93518
2852.798994	.93839
2853.040082	.94212
2853.281171	.94413
2853.522259	.944
2853.763347	.9427
2854.004436	.94338
2854.245524	.94303
2854.486613	.93961
2854.727701	.94304
2854.968789	.94388
2855.209878	.93934
2855.450966	.94134
2855.692055	.93954
2855.933143	.9376
2856.174231	.93754
2856.415320	.9417
2856.656408	.94555
2856.897496	.94355
2857.138585	.94217
2857.379673	.94505
2857.620762	.94654
2857.861850	.94464
2858.102938	.9397
2858.344027	.94169
2858.585115	.94344
2858.826204	.9399
2859.067292	.93904
2859.308380	.93827
2859.549469	.94069
2859.790557	.94412
2860.031646	.94556
2860.272734	.9415
2860.513822	.93759
2860.754911	.94037
2860.995999	.94236
2861.237088	.9435
2861.478176	.94207
2861.719264	.94309
2861.960353	.94854
2862.201441	.94602
2862.442530	.94064
2862.683618	.93949
2862.924706	.93997
2863.165795	.93999
2863.406883	.94147
2863.647972	.94132
2863.889060	.93947
2864.130148	.94035
2864.371237	.9402
2864.612325	.94007
2864.853414	.93926
2865.094502	.94025
2865.335590	.9416
2865.576679	.94129
2865.817767	.94246
2866.058856	.9418
2866.299944	.94051
2866.541032	.94402
2866.782121	.94482
2867.023209	.94322
2867.264298	.94189
2867.505386	.93911
2867.746474	.94016
2867.987563	.94231
2868.228651	.94021
2868.469740	.94279
2868.710828	.94486
2868.951916	.94277
2869.193005	.9436
2869.434093	.9479
2869.675181	.94965
2869.916270	.94464
2870.157358	.93993
2870.398447	.94156
2870.639535	.94265
2870.880623	.94065
2871.121712	.93845
2871.362800	.93867
2871.603889	.94105
2871.844977	.94163
2872.086065	.94198
2872.327154	.94297
2872.568242	.9439
2872.809331	.94394
2873.050419	.94526
2873.291507	.94386
2873.532596	.94438
2873.773684	.94258
2874.014773	.93792
2874.255861	.93831
2874.496949	.93971
2874.738038	.94192
2874.979126	.94445
2875.220215	.94617
2875.461303	.94563
2875.702391	.94185
2875.943480	.93895
2876.184568	.93841
2876.425657	.94103
2876.666745	.94134
2876.907833	.94189
2877.148922	.94386
2877.390010	.94032
2877.631099	.94048
2877.872187	.94025
2878.113275	.94214
2878.354364	.94778
2878.595452	.9461
2878.836541	.94137
2879.077629	.9378
2879.318717	.93938
2879.559806	.94077
2879.800894	.94316
2880.041983	.94605
2880.283071	.94389
2880.524159	.9416
2880.765248	.94314
2881.006336	.9418
2881.247425	.93813
2881.488513	.94232
2881.729601	.94681
2881.970690	.94547
2882.211778	.93951
2882.452866	.93876
2882.693955	.94253
2882.935043	.94332
2883.176132	.94471
2883.417220	.9493
2883.658308	.94716
2883.899397	.94136
2884.140485	.93953
2884.381574	.93967
2884.622662	.93919
2884.863750	.94237
2885.104839	.94355
2885.345927	.94207
2885.587016	.94019
2885.828104	.93925
2886.069192	.94144
2886.310281	.94637
2886.551369	.94869
2886.792458	.94725
2887.033546	.94338
2887.274634	.94014
2887.515723	.93967
2887.756811	.94086
2887.997900	.93799
2888.238988	.93751
2888.480076	.93918
2888.721165	.94288
2888.962253	.94285
2889.203342	.94087
2889.444430	.94085
2889.685518	.93972
2889.926607	.94236
2890.167695	.94484
2890.408784	.94407
2890.649872	.94297
2890.890960	.94329
2891.132049	.94238
2891.373137	.93903
2891.614226	.94158
2891.855314	.94511
2892.096402	.94081
2892.337491	.94161
2892.578579	.94448
2892.819668	.94238
2893.060756	.94213
2893.301844	.94087
2893.542933	.94058
2893.784021	.93939
2894.025110	.93947
2894.266198	.94071
2894.507286	.94174
2894.748375	.94068
2894.989463	.93785
2895.230552	.93882
2895.471640	.94086
2895.712728	.94058
2895.953817	.9419
2896.194905	.93998
2896.435993	.94301
2896.677082	.94529
2896.918170	.9402
2897.159259	.93864
2897.400347	.93961
2897.641435	.94264
2897.882524	.94293
2898.123612	.9427
2898.364701	.94542
2898.605789	.94283
2898.846877	.93909
2899.087966	.94205
2899.329054	.94159
2899.570143	.93878
2899.811231	.9416
2900.052319	.94478
2900.293408	.94325
2900.534496	.93848
2900.775585	.93482
2901.016673	.93732
2901.257761	.94264
2901.498850	.9435
2901.739938	.94187
2901.981027	.9411
2902.222115	.94418
2902.463203	.94713
2902.704292	.94545
2902.945380	.93938
2903.186469	.94177
2903.427557	.9459
2903.668645	.94536
2903.909734	.94225
2904.150822	.93845
2904.391911	.93923
2904.632999	.9401
2904.874087	.94087
2905.115176	.93987
2905.356264	.9405
2905.597353	.94259
2905.838441	.94341
2906.079529	.94298
2906.320618	.94149
2906.561706	.93924
2906.802795	.94342
2907.043883	.94552
2907.284971	.94221
2907.526060	.94284
2907.767148	.94453
2908.008237	.94273
2908.249325	.94225
2908.490413	.94016
2908.731502	.93792
2908.972590	.93766
2909.213678	.93855
2909.454767	.94141
2909.695855	.94333
2909.936944	.9391
2910.178032	.94098
2910.419120	.94469
2910.660209	.94029
2910.901297	.9406
2911.142386	.94337
2911.383474	.94446
2911.624562	.94084
2911.865651	.93856
2912.106739	.94305
2912.347828	.94259
2912.588916	.93401
2912.830004	.93226
2913.071093	.93625
2913.312181	.93595
2913.553270	.93569
2913.794358	.93767
2914.035446	.93864
2914.276535	.93902
2914.517623	.94161
2914.758712	.93932
2914.999800	.93541
2915.240888	.93249
2915.481977	.93601
2915.723065	.93738
2915.964154	.93728
2916.205242	.939
2916.446330	.93827
2916.687419	.93599
2916.928507	.93571
2917.169596	.93725
2917.410684	.93615
2917.651772	.9366
2917.892861	.93887
2918.133949	.93823
2918.375038	.9374
2918.616126	.93958
2918.857214	.94212
2919.098303	.93647
2919.339391	.93438
2919.580480	.93931
2919.821568	.94303
2920.062656	.93812
2920.303745	.93288
2920.544833	.9347
2920.785922	.93495
2921.027010	.93011
2921.268098	.93085
2921.509187	.93122
2921.750275	.93233
2921.991363	.93721
2922.232452	.93821
2922.473540	.93578
2922.714629	.93147
2922.955717	.93255
2923.196805	.936
2923.437894	.93661
2923.678982	.9367
2923.920071	.93461
2924.161159	.93387
2924.402247	.93332
2924.643336	.93314
2924.884424	.93126
2925.125513	.93043
2925.366601	.93233
2925.607689	.93616
2925.848778	.93843
2926.089866	.93563
2926.330955	.93357
2926.572043	.93739
2926.813131	.93501
2927.054220	.93216
2927.295308	.93157
2927.536397	.93535
2927.777485	.93536
2928.018573	.93653
2928.259662	.93675
2928.500750	.93458
2928.741839	.93742
2928.982927	.93862
2929.224015	.93383
2929.465104	.93158
2929.706192	.93594
2929.947281	.93732
2930.188369	.93786
2930.429457	.93731
2930.670546	.93537
2930.911634	.93533
2931.152723	.93739
2931.393811	.93842
2931.634899	.93585
2931.875988	.93399
2932.117076	.93359
2932.358165	.93648
2932.599253	.93672
2932.840341	.93796
2933.081430	.94018
2933.322518	.94026
2933.563607	.94124
2933.804695	.93948
2934.045783	.93669
2934.286872	.93696
2934.527960	.93908
2934.769049	.93741
2935.010137	.9347
2935.251225	.93495
2935.492314	.93776
2935.733402	.94019
2935.974490	.9416
2936.215579	.94305
2936.456667	.94212
2936.697756	.93775
2936.938844	.93348
2937.179932	.9336
2937.421021	.93837
2937.662109	.94163
2937.903198	.93809
2938.144286	.93683
2938.385374	.94047
2938.626463	.9403
2938.867551	.93712
2939.108640	.93571
2939.349728	.93586
2939.590816	.93734
2939.831905	.93669
2940.072993	.93792
2940.314082	.94141
2940.555170	.94056
2940.796258	.93721
2941.037347	.93833
2941.278435	.93956
2941.519524	.93777
2941.760612	.93851
2942.001700	.93978
2942.242789	.94075
2942.483877	.93806
2942.724966	.9379
2942.966054	.9351
2943.207142	.9345
2943.448231	.93978
2943.689319	.94171
2943.930408	.93858
2944.171496	.9354
2944.412584	.93928
2944.653673	.9445
2944.894761	.94418
2945.135850	.94353
2945.376938	.94097
2945.618026	.9382
2945.859115	.94155
2946.100203	.9402
2946.341292	.93678
2946.582380	.93589
2946.823468	.93964
2947.064557	.94095
2947.305645	.93686
2947.546734	.93572
2947.787822	.94166
2948.028910	.9443
2948.269999	.94154
2948.511087	.93988
2948.752175	.94036
2948.993264	.94105
2949.234352	.94388
2949.475441	.94407
2949.716529	.94146
2949.957617	.94149
2950.198706	.93966
2950.439794	.93682
2950.680883	.93844
2950.921971	.93859
2951.163059	.93926
2951.404148	.93957
2951.645236	.93882
2951.886325	.93968
2952.127413	.94226
2952.368501	.94022
2952.609590	.93818
2952.850678	.94044
2953.091767	.94109
2953.332855	.93998
2953.573943	.94079
2953.815032	.93832
2954.056120	.93467
2954.297209	.93581
2954.538297	.93619
2954.779385	.93926
2955.020474	.94262
2955.261562	.9392
2955.502651	.93572
2955.743739	.93628
2955.984827	.94077
2956.225916	.94119
2956.467004	.939
2956.708093	.93857
2956.949181	.93852
2957.190269	.94123
2957.431358	.94164
2957.672446	.93789
2957.913535	.9396
2958.154623	.94442
2958.395711	.94666
2958.636800	.94562
2958.877888	.94078
2959.118977	.93924
2959.360065	.93783
2959.601153	.93477
2959.842242	.94003
2960.083330	.94217
2960.324419	.94234
2960.565507	.94236
2960.806595	.94046
2961.047684	.94056
2961.288772	.94205
2961.529860	.93878
2961.770949	.93761
2962.012037	.94184
2962.253126	.94111
2962.494214	.93783
2962.735302	.93963
2962.976391	.93645
2963.217479	.93554
2963.458568	.93691
2963.699656	.9361
2963.940744	.94247
2964.181833	.946
2964.422921	.94678
2964.664010	.94741
2964.905098	.94515
2965.146186	.94261
2965.387275	.94017
2965.628363	.93658
2965.869452	.93569
2966.110540	.93721
2966.351628	.93675
2966.592717	.93849
2966.833805	.94244
2967.074894	.9422
2967.315982	.94085
2967.557070	.93941
2967.798159	.9389
2968.039247	.93569
2968.280336	.93347
2968.521424	.93666
2968.762512	.9404
2969.003601	.94333
2969.244689	.94359
2969.485778	.94139
2969.726866	.93611
2969.967954	.93525
2970.209043	.9332
2970.450131	.93311
2970.691220	.9392
2970.932308	.94174
2971.173396	.9433
2971.414485	.94114
2971.655573	.93466
2971.896662	.93593
2972.137750	.94211
2972.378838	.94262
2972.619927	.93867
2972.861015	.9326
2973.102104	.93037
2973.343192	.93548
2973.584280	.93906
2973.825369	.9362
2974.066457	.93459
2974.307545	.93822
2974.548634	.9402
2974.789722	.93695
2975.030811	.93535
2975.271899	.93834
2975.512987	.94189
2975.754076	.94292
2975.995164	.94018
2976.236253	.93648
2976.477341	.93532
2976.718429	.93541
2976.959518	.9404
2977.200606	.94343
2977.441695	.93953
2977.682783	.93844
2977.923871	.9414
2978.164960	.94336
2978.406048	.94257
2978.647137	.94474
2978.888225	.94535
2979.129313	.94148
2979.370402	.93955
2979.611490	.94014
2979.852579	.94293
2980.093667	.94495
2980.334755	.94733
2980.575844	.94671
2980.816932	.94177
2981.058021	.94083
2981.299109	.94009
2981.540197	.93918
2981.781286	.93764
2982.022374	.93537
2982.263463	.93694
2982.504551	.94237
2982.745639	.94692
2982.986728	.94471
2983.227816	.94275
2983.468905	.94422
2983.709993	.94404
2983.951081	.94192
2984.192170	.93907
2984.433258	.94456
2984.674347	.94612
2984.915435	.94473
2985.156523	.94705
2985.397612	.94606
2985.638700	.94681
2985.879789	.94471
2986.120877	.9386
2986.361965	.93644
2986.603054	.94016
2986.844142	.94074
2987.085231	.9396
2987.326319	.94108
2987.567407	.94435
2987.808496	.94735
2988.049584	.94577
2988.290672	.94075
2988.531761	.94355
2988.772849	.94402
2989.013938	.94437
2989.255026	.94687
2989.496114	.94418
2989.737203	.94034
2989.978291	.93994
2990.219380	.94074
2990.460468	.94014
2990.701556	.94202
2990.942645	.94199
2991.183733	.94195
2991.424822	.9445
2991.665910	.94686
2991.906998	.94544
2992.148087	.94468
2992.389175	.94383
2992.630264	.9422
2992.871352	.94048
2993.112440	.94491
2993.353529	.94664
2993.594617	.94739
2993.835706	.94978
2994.076794	.9458
2994.317882	.93952
2994.558971	.93678
2994.800059	.93721
2995.041148	.94159
2995.282236	.94402
2995.523324	.94244
2995.764413	.94211
2996.005501	.94067
2996.246590	.94254
2996.487678	.94431
2996.728766	.9498
2996.969855	.94907
2997.210943	.9454
2997.452032	.94618
2997.693120	.94553
2997.934208	.94446
2998.175297	.94296
2998.416385	.94029
2998.657474	.94185
2998.898562	.94763
2999.139650	.94959
2999.380739	.94456
2999.621827	.94159
2999.862916	.94099
3000.104004	.94247
