499.535156	.88686
500.499510	.88404
501.463863	.88225
502.428217	.88056
503.392571	.87939
504.356924	.87879
505.321278	.87809
506.285631	.87627
507.249985	.87395
508.214339	.87351
509.178692	.87464
510.143046	.8747
511.107399	.87284
512.071753	.87049
513.036106	.86907
514.000460	.86871
514.964814	.8685
515.929167	.86767
516.893521	.86631
517.857874	.86478
518.822228	.86356
519.786582	.86313
520.750935	.86351
521.715289	.86382
522.679642	.86306
523.643996	.86186
524.608349	.86055
525.572703	.85884
526.537057	.85934
527.501410	.86317
528.465764	.86674
529.430117	.86801
530.394471	.86877
531.358825	.87055
532.323178	.87315
533.287532	.87599
534.251885	.87915
535.216239	.88306
536.180593	.88731
537.144946	.89059
538.109300	.89288
539.073653	.89506
540.038007	.89711
541.002360	.89855
541.966714	.89997
542.931068	.90227
543.895421	.90464
544.859775	.90602
545.824128	.90613
546.788482	.90458
547.752836	.90266
548.717189	.90139
549.681543	.89968
550.645896	.89757
551.610250	.89572
552.574603	.8938
553.538957	.89243
554.503311	.89242
555.467664	.89251
556.432018	.89124
557.396371	.88877
558.360725	.88621
559.325079	.88499
560.289432	.88497
561.253786	.88398
562.218139	.8811
563.182493	.87795
564.146846	.87566
565.111200	.87391
566.075554	.87285
567.039907	.87241
568.004261	.87193
568.968614	.87139
569.932968	.8709
570.897322	.87048
571.861675	.87086
572.826029	.87263
573.790382	.87435
574.754736	.87445
575.719090	.87417
576.683443	.87499
577.647797	.87639
578.612150	.8778
579.576504	.87907
580.540857	.88026
581.505211	.88244
582.469565	.88595
583.433918	.88912
584.398272	.89078
585.362625	.89286
586.326979	.89652
587.291333	.89951
588.255686	.90119
589.220040	.90318
590.184393	.90547
591.148747	.90759
592.113100	.90992
593.077454	.912
594.041808	.91331
595.006161	.91448
595.970515	.91566
596.934868	.91647
597.899222	.91704
598.863576	.9171
599.827929	.91632
600.792283	.91561
601.756636	.91535
602.720990	.91444
603.685343	.91303
604.649697	.91189
605.614051	.9105
606.578404	.90867
607.542758	.90696
608.507111	.90575
609.471465	.90453
610.435819	.90258
611.400172	.90035
612.364526	.89808
613.328879	.89555
614.293233	.89314
615.257587	.89094
616.221940	.8879
617.186294	.88434
618.150647	.88264
619.115001	.88241
620.079354	.88139
621.043708	.8802
622.008062	.87978
622.972415	.87877
623.936769	.87664
624.901122	.87505
625.865476	.87463
626.829830	.87461
627.794183	.875
628.758537	.87569
629.722890	.876
630.687244	.87587
631.651597	.87581
632.615951	.87687
633.580305	.87901
634.544658	.88025
635.509012	.88026
636.473365	.88108
637.437719	.88303
638.402073	.88446
639.366426	.88517
640.330780	.88643
641.295133	.88855
642.259487	.89037
643.223841	.8912
644.188194	.89174
645.152548	.89265
646.116901	.89394
647.081255	.89498
648.045608	.89515
649.009962	.89526
649.974316	.8966
650.938669	.89866
651.903023	.89986
652.867376	.89992
653.831730	.90015
654.796084	.9014
655.760437	.90278
656.724791	.90302
657.689144	.90218
658.653498	.90136
659.617851	.90107
660.582205	.9011
661.546559	.90145
662.510912	.90194
663.475266	.90252
664.439619	.90314
665.403973	.89988
666.368327	.88078
667.332680	.83117
668.297034	.79442
669.261387	.82548
670.225741	.85951
671.190094	.87347
672.154448	.87515
673.118802	.87257
674.083155	.86903
675.047509	.86569
676.011862	.86271
676.976216	.86026
677.940570	.85852
678.904923	.85757
679.869277	.85738
680.833630	.85723
681.797984	.85683
682.762338	.85669
683.726691	.85701
684.691045	.85781
685.655398	.85885
686.619752	.85947
687.584105	.85981
688.548459	.8611
689.512813	.86387
690.477166	.86695
691.441520	.86945
692.405873	.87182
693.370227	.87437
694.334581	.87712
695.298934	.88011
696.263288	.88312
697.227641	.88607
698.191995	.88911
699.156348	.89196
700.120702	.89433
701.085056	.89659
702.049409	.89908
703.013763	.90145
703.978116	.90364
704.942470	.90584
705.906824	.90767
706.871177	.90883
707.835531	.90965
708.799884	.91034
709.764238	.91097
710.728591	.91181
711.692945	.91266
712.657299	.91275
713.621652	.91187
714.586006	.91083
715.550359	.90999
716.514713	.90846
717.479067	.90581
718.443420	.90197
719.407774	.89671
720.372127	.89254
721.336481	.89231
722.300835	.89372
723.265188	.89371
724.229542	.89287
725.193895	.89202
726.158249	.89038
727.122602	.88809
728.086956	.88629
729.051310	.88481
730.015663	.88278
730.980017	.88022
731.944370	.87786
732.908724	.87618
733.873078	.8749
734.837431	.87391
735.801785	.87324
736.766138	.87256
737.730492	.87176
738.694845	.87111
739.659199	.87081
740.623553	.87081
741.587906	.87089
742.552260	.87116
743.516613	.87193
744.480967	.87319
745.445321	.87457
746.409674	.87585
747.374028	.87699
748.338381	.87813
749.302735	.8797
750.267088	.88174
751.231442	.88391
752.195796	.88583
753.160149	.88745
754.124503	.88918
755.088856	.89115
756.053210	.89291
757.017564	.89427
757.981917	.89562
758.946271	.89695
759.910624	.89776
760.874978	.89784
761.839332	.89763
762.803685	.89797
763.768039	.89911
764.732392	.90032
765.696746	.9008
766.661099	.90058
767.625453	.90031
768.589807	.90015
769.554160	.89956
770.518514	.89815
771.482867	.89638
772.447221	.89495
773.411575	.89355
774.375928	.89141
775.340282	.88859
776.304635	.88569
777.268989	.8831
778.233342	.88023
779.197696	.87628
780.162050	.87182
781.126403	.86748
782.090757	.86224
783.055110	.85571
784.019464	.84896
784.983818	.84237
785.948171	.83559
786.912525	.82825
787.876878	.82057
788.841232	.81339
789.805586	.80657
790.769939	.7994
791.734293	.79203
792.698646	.7845
793.663000	.77673
794.627353	.76931
795.591707	.76201
796.556061	.75418
797.520414	.74611
798.484768	.73789
799.449121	.72866
800.413475	.71743
801.377829	.70329
802.342182	.68527
803.306536	.66193
804.270889	.63211
805.235243	.59811
806.199596	.56547
807.163950	.53943
808.128304	.52377
809.092657	.5207
810.057011	.53056
811.021364	.5523
811.985718	.58344
812.950072	.61983
813.914425	.6563
814.878779	.68852
815.843132	.71441
816.807486	.73393
817.771839	.74829
818.736193	.75842
819.700547	.76494
820.664900	.7692
821.629254	.77187
822.593607	.77252
823.557961	.77137
824.522315	.769
825.486668	.76517
826.451022	.75951
827.415375	.7524
828.379729	.74454
829.344083	.73601
830.308436	.72623
831.272790	.71492
832.237143	.70231
833.201497	.68787
834.165850	.66994
835.130204	.64658
836.094558	.61515
837.058911	.57011
838.023265	.50292
838.987618	.41075
839.951972	.31053
840.916326	.23816
841.880679	.22599
842.845033	.27941
843.809386	.37318
844.773740	.47052
845.738093	.54765
846.702447	.60124
847.666801	.63836
848.631154	.66546
849.595508	.68528
850.559861	.69969
851.524215	.71096
852.488569	.7204
853.452922	.72849
854.417276	.73559
855.381629	.74177
856.345983	.74721
857.310336	.75234
858.274690	.7573
859.239044	.76247
860.203397	.76792
861.167751	.77297
862.132104	.77758
863.096458	.78218
864.060812	.78661
865.025165	.79058
865.989519	.79418
866.953872	.79743
867.918226	.80024
868.882580	.80301
869.846933	.80615
870.811287	.80911
871.775640	.81143
872.739994	.8136
873.704347	.81603
874.668701	.81839
875.633055	.82049
876.597408	.82264
877.561762	.82498
878.526115	.82725
879.490469	.82902
880.454823	.83001
881.419176	.83049
882.383530	.83071
883.347883	.82998
884.312237	.82791
885.276590	.8252
886.240944	.82216
887.205298	.81859
888.169651	.81403
889.134005	.80784
890.098358	.79971
891.062712	.78904
892.027066	.77434
892.991419	.75373
893.955773	.72563
894.920126	.68898
895.884480	.64468
896.848834	.59837
897.813187	.55986
898.777541	.53825
899.741894	.53802
900.706248	.55833
901.670601	.5942
902.634955	.63863
903.599309	.68424
904.563662	.72452
905.528016	.75561
906.492369	.77741
907.456723	.79204
908.421077	.80191
909.385430	.8088
910.349784	.81368
911.314137	.81742
912.278491	.82101
913.242844	.82459
914.207198	.82754
915.171552	.82992
916.135905	.83214
917.100259	.83407
918.064612	.83567
919.028966	.83722
919.993320	.83865
920.957673	.8397
921.922027	.84058
922.886380	.84159
923.850734	.84253
924.815087	.84309
925.779441	.84328
926.743795	.8433
927.708148	.84321
928.672502	.84277
929.636855	.84175
930.601209	.84014
931.565563	.83766
932.529916	.83375
933.494270	.82818
934.458623	.82078
935.422977	.81057
936.387331	.79669
937.351684	.78058
938.316038	.76563
939.280391	.755
940.244745	.75033
941.209098	.75185
942.173452	.75846
943.137806	.76784
944.102159	.7776
945.066513	.78616
946.030866	.79253
946.995220	.79643
947.959574	.79825
948.923927	.79874
949.888281	.79814
950.852634	.79645
951.816988	.79391
952.781341	.79065
953.745695	.78653
954.710049	.78134
955.674402	.77528
956.638756	.76846
957.603109	.76008
958.567463	.74987
959.531817	.73834
960.496170	.72529
961.460524	.70991
962.424877	.69152
963.389231	.66939
964.353584	.64216
965.317938	.608
966.282292	.56447
967.246645	.50855
968.210999	.43839
969.175352	.35636
970.139706	.27145
971.104060	.19757
972.068413	.14704
973.032767	.12464
973.997120	.12818
974.961474	.15393
975.925828	.1996
976.890181	.26237
977.854535	.33594
978.818888	.41115
979.783242	.47987
980.747595	.53723
981.711949	.58166
982.676303	.61394
983.640656	.63597
984.605010	.64969
985.569363	.6563
986.533717	.65628
987.498071	.64962
988.462424	.63584
989.426778	.61434
990.391131	.58399
991.355485	.543
992.319838	.49005
993.284192	.42525
994.248546	.35153
995.212899	.27727
996.177253	.21579
997.141606	.17978
998.105960	.17596
999.070314	.20418
1000.034667	.25837
1000.999021	.32784
1001.963374	.40062
1002.927728	.46736
1003.892082	.52363
1004.856435	.56956
1005.820789	.60712
1006.785142	.63789
1007.749496	.66294
1008.713849	.68353
1009.678203	.70066
1010.642557	.71494
1011.606910	.72712
1012.571264	.73774
1013.535617	.74686
1014.499971	.75469
1015.464325	.76163
1016.428678	.76796
1017.393032	.77355
1018.357385	.77821
1019.321739	.78224
1020.286092	.786
1021.250446	.78937
1022.214800	.79205
1023.179153	.79411
1024.143507	.79575
1025.107860	.79706
1026.072214	.79828
1027.036568	.79938
1028.000921	.79981
1028.965275	.79929
1029.929628	.79794
1030.893982	.79579
1031.858335	.79276
1032.822689	.78902
1033.787043	.78509
1034.751396	.78124
1035.715750	.77766
1036.680103	.77468
1037.644457	.77165
1038.608811	.76726
1039.573164	.76073
1040.537518	.75151
1041.501871	.73951
1042.466225	.72655
1043.430579	.71618
1044.394932	.71188
1045.359286	.71497
1046.323639	.72393
1047.287993	.73586
1048.252346	.74793
1049.216700	.75839
1050.181054	.76686
1051.145407	.77374
1052.109761	.77941
1053.074114	.78402
1054.038468	.78759
1055.002822	.79014
1055.967175	.79206
1056.931529	.79401
1057.895882	.79609
1058.860236	.79765
1059.824589	.79877
1060.788943	.80013
1061.753297	.80145
1062.717650	.80227
1063.682004	.80295
1064.646357	.80367
1065.610711	.80425
1066.575065	.8045
1067.539418	.80444
1068.503772	.80424
1069.468125	.80383
1070.432479	.80328
1071.396832	.80287
1072.361186	.80252
1073.325540	.80187
1074.289893	.80106
1075.254247	.80065
1076.218600	.80047
1077.182954	.79968
1078.147308	.79829
1079.111661	.79696
1080.076015	.7958
1081.040368	.79447
1082.004722	.79257
1082.969076	.79004
1083.933429	.78738
1084.897783	.7849
1085.862136	.7822
1086.826490	.77879
1087.790843	.7748
1088.755197	.77059
1089.719551	.76595
1090.683904	.76041
1091.648258	.75407
1092.612611	.74702
1093.576965	.73887
1094.541319	.7294
1095.505672	.71852
1096.470026	.70576
1097.434379	.69034
1098.398733	.6721
1099.363086	.65213
1100.327440	.63246
1101.291794	.61601
1102.256147	.60629
1103.220501	.60578
1104.184854	.61468
1105.149208	.63083
1106.113562	.65048
1107.077915	.67012
1108.042269	.68775
1109.006622	.70248
1109.970976	.71422
1110.935330	.72374
1111.899683	.73173
1112.864037	.73818
1113.828390	.74331
1114.792744	.7478
1115.757097	.75202
1116.721451	.7558
1117.685805	.75882
1118.650158	.76124
1119.614512	.76363
1120.578865	.76609
1121.543219	.76818
1122.507573	.76995
1123.471926	.77187
1124.436280	.77375
1125.400633	.77506
1126.364987	.77576
1127.329340	.77593
1128.293694	.77547
1129.258048	.77447
1130.222401	.77307
1131.186755	.77102
1132.151108	.76796
1133.115462	.76395
1134.079816	.75919
1135.044169	.75349
1136.008523	.74647
1136.972876	.73787
1137.937230	.72754
1138.901583	.71535
1139.865937	.7012
1140.830291	.68501
1141.794644	.66678
1142.758998	.64678
1143.723351	.62553
1144.687705	.60332
1145.652059	.57994
1146.616412	.5554
1147.580766	.53003
1148.545119	.50402
1149.509473	.47811
1150.473827	.4541
1151.438180	.43429
1152.402534	.42007
1153.366887	.41102
1154.331241	.40524
1155.295594	.40048
1156.259948	.39478
1157.224302	.38683
1158.188655	.37621
1159.153009	.36275
1160.117362	.34599
1161.081716	.3257
1162.046070	.30203
1163.010423	.27534
1163.974777	.24669
1164.939130	.21807
1165.903484	.19244
1166.867837	.17375
1167.832191	.16583
1168.796545	.17178
1169.760898	.19401
1170.725252	.23332
1171.689605	.28746
1172.653959	.35087
1173.618313	.41642
1174.582666	.4781
1175.547020	.53238
1176.511373	.57812
1177.475727	.61581
1178.440080	.64655
1179.404434	.67149
1180.368788	.69161
1181.333141	.70777
1182.297495	.72079
1183.261848	.73138
1184.226202	.74009
1185.190556	.74716
1186.154909	.75262
1187.119263	.75668
1188.083616	.75968
1189.047970	.76172
1190.012324	.76278
1190.976677	.76329
1191.941031	.76383
1192.905384	.76435
1193.869738	.76443
1194.834091	.76423
1195.798445	.76417
1196.762799	.76419
1197.727152	.76388
1198.691506	.7632
1199.655859	.76236
1200.620213	.76147
1201.584567	.76048
1202.548920	.75923
1203.513274	.75769
1204.477627	.75589
1205.441981	.75379
1206.406334	.75133
1207.370688	.74854
1208.335042	.74527
1209.299395	.74114
1210.263749	.73582
1211.228102	.72932
1212.192456	.72157
1213.156810	.7125
1214.121163	.70245
1215.085517	.69224
1216.049870	.68272
1217.014224	.67451
1217.978578	.66834
1218.942931	.66501
1219.907285	.66489
1220.871638	.66805
1221.835992	.67444
1222.800345	.68349
1223.764699	.69384
1224.729053	.70408
1225.693406	.71309
1226.657760	.72034
1227.622113	.72602
1228.586467	.7307
1229.550821	.73466
1230.515174	.73789
1231.479528	.74052
1232.443881	.74265
1233.408235	.74431
1234.372588	.74556
1235.336942	.7465
1236.301296	.74703
1237.265649	.74707
1238.230003	.74667
1239.194356	.74571
1240.158710	.74409
1241.123064	.74203
1242.087417	.73952
1243.051771	.73626
1244.016124	.73214
1244.980478	.72721
1245.944831	.7213
1246.909185	.71399
1247.873539	.7048
1248.837892	.69296
1249.802246	.67695
1250.766599	.65507
1251.730953	.62603
1252.695307	.59026
1253.659660	.55281
1254.624014	.52351
1255.588367	.51187
1256.552721	.52147
1257.517075	.54806
1258.481428	.58241
1259.445782	.61602
1260.410135	.64453
1261.374489	.6669
1262.338842	.68372
1263.303196	.69642
1264.267550	.70614
1265.231903	.71341
1266.196257	.71874
1267.160610	.72276
1268.124964	.72585
1269.089318	.72813
1270.053671	.72959
1271.018025	.73031
1271.982378	.73056
1272.946732	.73049
1273.911085	.72979
1274.875439	.72828
1275.839793	.72632
1276.804146	.72408
1277.768500	.72133
1278.732853	.71812
1279.697207	.71469
1280.661561	.7109
1281.625914	.70674
1282.590268	.70237
1283.554621	.69764
1284.518975	.6923
1285.483328	.68638
1286.447682	.67988
1287.412036	.67243
1288.376389	.66379
1289.340743	.65361
1290.305096	.64136
1291.269450	.62706
1292.233804	.61135
1293.198157	.5953
1294.162511	.58078
1295.126864	.56968
1296.091218	.56288
1297.055572	.56016
1298.019925	.56011
1298.984279	.55978
1299.948632	.55506
1300.912986	.54199
1301.877339	.5192
1302.841693	.49227
1303.806047	.47535
1304.770400	.48319
1305.734754	.51842
1306.699107	.56884
1307.663461	.61801
1308.627815	.65637
1309.592168	.68267
1310.556522	.69936
1311.520875	.70905
1312.485229	.71376
1313.449582	.71485
1314.413936	.71305
1315.378290	.70909
1316.342643	.70357
1317.306997	.69703
1318.271350	.68999
1319.235704	.68291
1320.200058	.6759
1321.164411	.66807
1322.128765	.65815
1323.093118	.64541
1324.057472	.62993
1325.021825	.61268
1325.986179	.5953
1326.950533	.57899
1327.914886	.5643
1328.879240	.55273
1329.843593	.54759
1330.807947	.55128
1331.772301	.56268
1332.736654	.57784
1333.701008	.59262
1334.665361	.60463
1335.629715	.61308
1336.594069	.61811
1337.558422	.62019
1338.522776	.6197
1339.487129	.6172
1340.451483	.61338
1341.415836	.60812
1342.380190	.60054
1343.344544	.59012
1344.308897	.57696
1345.273251	.56119
1346.237604	.54285
1347.201958	.52193
1348.166312	.49855
1349.130665	.47272
1350.095019	.44406
1351.059372	.41187
1352.023726	.3754
1352.988079	.33428
1353.952433	.28908
1354.916787	.24224
1355.881140	.19842
1356.845494	.16293
1357.809847	.13972
1358.774201	.1305
1359.738555	.13434
1360.702908	.14845
1361.667262	.16844
1362.631615	.18911
1363.595969	.20623
1364.560323	.21628
1365.524676	.21688
1366.489030	.2063
1367.453383	.18345
1368.417737	.14958
1369.382090	.10967
1370.346444	.070932
1371.310798	.039232
1372.275151	.017661
1373.239505	.0058273
1374.203858	.0007134
1375.168212	-.0006204
1376.132566	-.0002243
1377.096919	.0008279
1378.061273	.0004879
1379.025626	.000156
1379.989980	.0016611
1380.954333	.0067241
1381.918687	.021042
1382.883041	.050101
1383.847394	.095959
1384.811748	.15427
1385.776101	.21685
1386.740455	.27814
1387.704809	.33589
1388.669162	.38599
1389.633516	.42646
1390.597869	.45938
1391.562223	.48645
1392.526576	.50786
1393.490930	.52398
1394.455284	.5375
1395.419637	.55105
1396.383991	.56357
1397.348344	.57291
1398.312698	.57912
1399.277052	.58511
1400.241405	.59247
1401.205759	.59906
1402.170112	.60346
1403.134466	.60598
1404.098820	.60708
1405.063173	.60844
1406.027527	.61116
1406.991880	.61364
1407.956234	.61466
1408.920587	.61496
1409.884941	.61507
1410.849295	.61487
1411.813648	.61412
1412.778002	.61292
1413.742355	.61154
1414.706709	.60968
1415.671063	.60683
1416.635416	.60262
1417.599770	.5964
1418.564123	.588
1419.528477	.58214
1420.492830	.58192
1421.457184	.58087
1422.421538	.57469
1423.385891	.56504
1424.350245	.55447
1425.314598	.54288
1426.278952	.5282
1427.243306	.50886
1428.207659	.48356
1429.172013	.45052
1430.136366	.4085
1431.100720	.35687
1432.065073	.29528
1433.029427	.2292
1433.993781	.17206
1434.958134	.13415
1435.922488	.11579
1436.886841	.11332
1437.851195	.11938
1438.815549	.12466
1439.779902	.12427
1440.744256	.1173
1441.708609	.10455
1442.672963	.088001
1443.637317	.069768
1444.601670	.051671
1445.566024	.035378
1446.530377	.022067
1447.494731	.012503
1448.459084	.0064821
1449.423438	.0033059
1450.387792	.0018496
1451.352145	.0011024
1452.316499	.0007553
1453.280852	.0006041
1454.245206	.0007029
1455.209560	.0008352
1456.173913	.0008482
1457.138267	.0007918
1458.102620	.0007195
1459.066974	.0007836
1460.031327	.0008212
1460.995681	.0008636
1461.960035	.000878
1462.924388	.0010154
1463.888742	.0012377
1464.853095	.0020511
1465.817449	.0042454
1466.781803	.0081981
1467.746156	.01481
1468.710510	.025748
1469.674863	.042364
1470.639217	.064825
1471.603571	.094325
1472.567924	.13169
1473.532278	.17446
1474.496631	.2174
1475.460985	.25817
1476.425338	.29935
1477.389692	.33981
1478.354046	.37656
1479.318399	.40961
1480.282753	.43956
1481.247106	.46744
1482.211460	.4935
1483.175814	.51731
1484.140167	.53874
1485.104521	.5576
1486.068874	.57328
1487.033228	.58731
1487.997581	.60145
1488.961935	.6138
1489.926289	.62492
1490.890642	.63842
1491.854996	.65352
1492.819349	.66649
1493.783703	.67589
1494.748057	.68068
1495.712410	.68304
1496.676764	.68985
1497.641117	.69952
1498.605471	.70759
1499.569824	.71662
1500.534178	.7262
1501.498532	.7335
1502.462885	.73919
1503.427239	.74268
1504.391592	.74021
1505.355946	.73187
1506.320300	.72696
1507.284653	.73451
1508.249007	.74879
1509.213360	.76069
1510.177714	.76846
1511.142068	.77251
1512.106421	.77493
1513.070775	.77884
1514.035128	.78247
1514.999482	.78292
1515.963835	.78053
1516.928189	.77907
1517.892543	.78296
1518.856896	.78715
1519.821250	.78366
1520.785603	.7764
1521.749957	.77668
1522.714311	.78525
1523.678664	.79257
1524.643018	.79364
1525.607371	.79328
1526.571725	.79612
1527.536078	.79931
1528.500432	.80173
1529.464786	.8045
1530.429139	.80592
1531.393493	.80444
1532.357846	.79962
1533.322200	.79483
1534.286554	.79677
1535.250907	.80317
1536.215261	.80609
1537.179614	.80161
1538.143968	.78868
1539.108321	.77452
1540.072675	.77229
1541.037029	.77798
1542.001382	.78384
1542.965736	.79168
1543.930089	.79788
1544.894443	.80032
1545.858797	.80473
1546.823150	.81096
1547.787504	.81391
1548.751857	.81282
1549.716211	.81111
1550.680565	.81256
1551.644918	.81566
1552.609272	.8148
1553.573625	.80898
1554.537979	.80609
1555.502332	.80857
1556.466686	.80497
1557.431040	.7909
1558.395393	.7776
1559.359747	.77638
1560.324100	.78856
1561.288454	.80617
1562.252808	.81785
1563.217161	.82117
1564.181515	.82048
1565.145868	.82091
1566.110222	.82382
1567.074575	.82565
1568.038929	.82271
1569.003283	.81666
1569.967636	.81581
1570.931990	.82229
1571.896343	.82795
1572.860697	.82948
1573.825051	.82768
1574.789404	.8199
1575.753758	.80918
1576.718111	.80975
1577.682465	.82041
1578.646819	.82748
1579.611172	.82942
1580.575526	.83
1581.539879	.83043
1582.504233	.83083
1583.468586	.83125
1584.432940	.83155
1585.397294	.83168
1586.361647	.83177
1587.326001	.83179
1588.290354	.83156
1589.254708	.83113
1590.219062	.83089
1591.183415	.8309
1592.147769	.83078
1593.112122	.83021
1594.076476	.82939
1595.040829	.82906
1596.005183	.82931
1596.969537	.82962
1597.933890	.82982
1598.898244	.82994
1599.862597	.82991
1600.826951	.8296
1601.791305	.829
1602.755658	.82842
1603.720012	.82845
1604.684365	.82873
1605.648719	.82831
1606.613072	.82742
1607.577426	.82676
1608.541780	.8263
1609.506133	.82626
1610.470487	.82694
1611.434840	.82751
1612.399194	.82739
1613.363548	.82687
1614.327901	.82479
1615.292255	.81744
1616.256608	.8073
1617.220962	.80753
1618.185316	.81702
1619.149669	.82277
1620.114023	.8233
1621.078376	.82153
1622.042730	.81663
1623.007083	.81032
1623.971437	.80934
1624.935791	.8134
1625.900144	.81474
1626.864498	.8114
1627.828851	.80841
1628.793205	.80932
1629.757559	.81139
1630.721912	.81184
1631.686266	.81115
1632.650619	.80925
1633.614973	.80284
1634.579326	.79043
1635.543680	.7827
1636.508034	.78804
1637.472387	.79619
1638.436741	.80039
1639.401094	.80163
1640.365448	.80078
1641.329802	.79884
1642.294155	.7965
1643.258509	.79338
1644.222862	.7871
1645.187216	.77681
1646.151569	.76955
1647.115923	.77167
1648.080277	.77954
1649.044630	.78859
1650.008984	.79426
1650.973337	.78996
1651.937691	.77336
1652.902045	.75971
1653.866398	.76984
1654.830752	.79073
1655.795105	.80535
1656.759459	.8121
1657.723813	.81479
1658.688166	.8164
1659.652520	.8175
1660.616873	.81722
1661.581227	.81408
1662.545580	.81117
1663.509934	.81392
1664.474288	.81941
1665.438641	.82229
1666.402995	.82258
1667.367348	.81979
1668.331702	.8129
1669.296056	.80821
1670.260409	.81083
1671.224763	.81559
1672.189116	.81922
1673.153470	.82008
1674.117823	.81438
1675.082177	.80771
1676.046531	.81099
1677.010884	.81897
1677.975238	.82217
1678.939591	.82077
1679.903945	.81848
1680.868299	.81708
1681.832652	.81351
1682.797006	.8036
1683.761359	.79047
1684.725713	.78723
1685.690067	.79835
1686.654420	.80909
1687.618774	.81189
1688.583127	.81064
1689.547481	.80934
1690.511834	.80909
1691.476188	.80955
1692.440542	.8093
1693.404895	.80638
1694.369249	.79718
1695.333602	.78411
1696.297956	.78174
1697.262310	.78988
1698.226663	.79042
1699.191017	.77644
1700.155370	.76192
1701.119724	.768
1702.084077	.78242
1703.048431	.78721
1704.012785	.78423
1704.977138	.78044
1705.941492	.77841
1706.905845	.77915
1707.870199	.78157
1708.834553	.78206
1709.798906	.78053
1710.763260	.77993
1711.727613	.78052
1712.691967	.78053
1713.656320	.7792
1714.620674	.77918
1715.585028	.78209
1716.549381	.78368
1717.513735	.78492
1718.478088	.79399
1719.442442	.80857
1720.406796	.81982
1721.371149	.82551
1722.335503	.82806
1723.299856	.82994
1724.264210	.83224
1725.228564	.83438
1726.192917	.83571
1727.157271	.83632
1728.121624	.83593
1729.085978	.83407
1730.050331	.83277
1731.014685	.83325
1731.979039	.83065
1732.943392	.82097
1733.907746	.81214
1734.872099	.81739
1735.836453	.83052
1736.800807	.83835
1737.765160	.83865
1738.729514	.83385
1739.693867	.82972
1740.658221	.83245
1741.622574	.83746
1742.586928	.83897
1743.551282	.83966
1744.515635	.84195
1745.479989	.84375
1746.444342	.8437
1747.408696	.84242
1748.373050	.84162
1749.337403	.8416
1750.301757	.83987
1751.266110	.83898
1752.230464	.84382
1753.194817	.8498
1754.159171	.85205
1755.123525	.8511
1756.087878	.84828
1757.052232	.84705
1758.016585	.84932
1758.980939	.85191
1759.945293	.85129
1760.909646	.84718
1761.874000	.84495
1762.838353	.84862
1763.802707	.85341
1764.767061	.85547
1765.731414	.85562
1766.695768	.85373
1767.660121	.85078
1768.624475	.85092
1769.588828	.85277
1770.553182	.8504
1771.517536	.84391
1772.481889	.84116
1773.446243	.8472
1774.410596	.85473
1775.374950	.85756
1776.339304	.85838
1777.303657	.85927
1778.268011	.85883
1779.232364	.85653
1780.196718	.85362
1781.161071	.85258
1782.125425	.85363
1783.089779	.85442
1784.054132	.85442
1785.018486	.85588
1785.982839	.85987
1786.947193	.86398
1787.911547	.86657
1788.875900	.86776
1789.840254	.86724
1790.804607	.86465
1791.768961	.86093
1792.733315	.86094
1793.697668	.86695
1794.662022	.87245
1795.626375	.87397
1796.590729	.87454
1797.555082	.87505
1798.519436	.87397
1799.483790	.8725
1800.448143	.87272
1801.412497	.87363
1802.376850	.87451
1803.341204	.87607
1804.305558	.8774
1805.269911	.87769
1806.234265	.87729
1807.198618	.87668
1808.162972	.87634
1809.127325	.87559
1810.091679	.87392
1811.056033	.87293
1812.020386	.87344
1812.984740	.87419
1813.949093	.8744
1814.913447	.87395
1815.877801	.87301
1816.842154	.87209
1817.806508	.87158
1818.770861	.87126
1819.735215	.87067
1820.699568	.86995
1821.663922	.86911
1822.628276	.86781
1823.592629	.86527
1824.556983	.86149
1825.521336	.85971
1826.485690	.86113
1827.450044	.86156
1828.414397	.85831
1829.378751	.85396
1830.343104	.85361
1831.307458	.85733
1832.271812	.86033
1833.236165	.86129
1834.200519	.86183
1835.164872	.86233
1836.129226	.86256
1837.093579	.86308
1838.057933	.86437
1839.022287	.86582
1839.986640	.86678
1840.950994	.86721
1841.915347	.86645
1842.879701	.86249
1843.844055	.85756
1844.808408	.85925
1845.772762	.86584
1846.737115	.8695
1847.701469	.87018
1848.665822	.8712
1849.630176	.87271
1850.594530	.87363
1851.558883	.87389
1852.523237	.87399
1853.487590	.87421
1854.451944	.87467
1855.416298	.87519
1856.380651	.87555
1857.345005	.87577
1858.309358	.87612
1859.273712	.87669
1860.238065	.87712
1861.202419	.87728
1862.166773	.87746
1863.131126	.87774
1864.095480	.87787
1865.059833	.87744
1866.024187	.87626
1866.988541	.87436
1867.952894	.87168
1868.917248	.86968
1869.881601	.87098
1870.845955	.87416
1871.810309	.87593
1872.774662	.87621
1873.739016	.87611
1874.703369	.87571
1875.667723	.87509
1876.632076	.87448
1877.596430	.87381
1878.560784	.87316
1879.525137	.87271
1880.489491	.87233
1881.453844	.87185
1882.418198	.87125
1883.382552	.87043
1884.346905	.86938
1885.311259	.86841
1886.275612	.86757
1887.239966	.86641
1888.204319	.86417
1889.168673	.86151
1890.133027	.86088
1891.097380	.86215
1892.061734	.86306
1893.026087	.86318
1893.990441	.86294
1894.954795	.86287
1895.919148	.86385
1896.883502	.86551
1897.847855	.86705
1898.812209	.86838
1899.776562	.86954
1900.740916	.87044
1901.705270	.8712
1902.669623	.87198
1903.633977	.87284
1904.598330	.87374
1905.562684	.87446
1906.527038	.8748
1907.491391	.87495
1908.455745	.87505
1909.420098	.87514
1910.384452	.8756
1911.348806	.87654
1912.313159	.87743
1913.277513	.87793
1914.241866	.87808
1915.206220	.87808
1916.170573	.87729
1917.134927	.87512
1918.099281	.87398
1919.063634	.87589
1920.027988	.8783
1920.992341	.87879
1921.956695	.87792
1922.921049	.87741
1923.885402	.87823
1924.849756	.87939
1925.814109	.87991
1926.778463	.88016
1927.742816	.88033
1928.707170	.88029
1929.671524	.88015
1930.635877	.88004
1931.600231	.87994
1932.564584	.87983
1933.528938	.8797
1934.493292	.87953
1935.457645	.87925
1936.421999	.87888
1937.386352	.87852
1938.350706	.87825
1939.315060	.87805
1940.279413	.87752
1941.243767	.87614
1942.208120	.87471
1943.172474	.87487
1944.136827	.87604
1945.101181	.87661
1946.065535	.87662
1947.029888	.87658
1947.994242	.87662
1948.958595	.87694
1949.922949	.87728
1950.887303	.8772
1951.851656	.87697
1952.816010	.87701
1953.780363	.87719
1954.744717	.87736
1955.709070	.87769
1956.673424	.87813
1957.637778	.87861
1958.602131	.87926
1959.566485	.87999
1960.530838	.88064
1961.495192	.88135
1962.459546	.88228
1963.423899	.88315
1964.388253	.88379
1965.352606	.88419
1966.316960	.88438
1967.281313	.8848
1968.245667	.88582
1969.210021	.8869
1970.174374	.88764
1971.138728	.88827
1972.103081	.88887
1973.067435	.88933
1974.031789	.88958
1974.996142	.88956
1975.960496	.8895
1976.924849	.88955
1977.889203	.88946
1978.853557	.88911
1979.817910	.8887
1980.782264	.88834
1981.746617	.88804
1982.710971	.88763
1983.675324	.887
1984.639678	.88631
1985.604032	.88576
1986.568385	.88511
1987.532739	.88432
1988.497092	.88363
1989.461446	.88295
1990.425800	.88176
1991.390153	.88019
1992.354507	.87943
1993.318860	.87974
1994.283214	.88
1995.247567	.87961
1996.211921	.87901
1997.176275	.87877
1998.140628	.8788
1999.104982	.87875
2000.069335	.87855
2001.033689	.87832
2001.998043	.87824
2002.962396	.87827
2003.926750	.87835
2004.891103	.87845
2005.855457	.87852
2006.819810	.87858
2007.784164	.87873
2008.748518	.87896
2009.712871	.87925
2010.677225	.87958
2011.641578	.87994
2012.605932	.8804
2013.570286	.8809
2014.534639	.8812
2015.498993	.88126
2016.463346	.88143
2017.427700	.88209
2018.392054	.88291
2019.356407	.88352
2020.320761	.88411
2021.285114	.88473
2022.249468	.88508
2023.213821	.88527
2024.178175	.8856
2025.142529	.8861
2026.106882	.88662
2027.071236	.88695
2028.035589	.88707
2028.999943	.88728
2029.964297	.88766
2030.928650	.88796
2031.893004	.88806
2032.857357	.88814
2033.821711	.88846
2034.786064	.88885
2035.750418	.88896
2036.714772	.88885
2037.679125	.88872
2038.643479	.88861
2039.607832	.88839
2040.572186	.88795
2041.536540	.8873
2042.500893	.88663
2043.465247	.88603
2044.429600	.88548
2045.393954	.88499
2046.358308	.88448
2047.322661	.88377
2048.287015	.88295
2049.251368	.88222
2050.215722	.88158
2051.180075	.88098
2052.144429	.88045
2053.108783	.88002
2054.073136	.87973
2055.037490	.87947
2056.001843	.87908
2056.966197	.87868
2057.930551	.87843
2058.894904	.87826
2059.859258	.87807
2060.823611	.87789
2061.787965	.87782
2062.752318	.87785
2063.716672	.87778
2064.681026	.87762
2065.645379	.8777
2066.609733	.87804
2067.574086	.87823
2068.538440	.87831
2069.502794	.87867
2070.467147	.87911
2071.431501	.87925
2072.395854	.87933
2073.360208	.87966
2074.324561	.87999
2075.288915	.87998
2076.253269	.87974
2077.217622	.87957
2078.181976	.87951
2079.146329	.8795
2080.110683	.87946
2081.075037	.87937
2082.039390	.87927
2083.003744	.87904
2083.968097	.87866
2084.932451	.8783
2085.896805	.87804
2086.861158	.87781
2087.825512	.87753
2088.789865	.87727
2089.754219	.87727
2090.718572	.87755
2091.682926	.87783
2092.647280	.87787
2093.611633	.87763
2094.575987	.87717
2095.540340	.87671
2096.504694	.87637
2097.469048	.876
2098.433401	.87538
2099.397755	.87466
2100.362108	.87422
2101.326462	.87388
2102.290815	.87317
2103.255169	.87226
2104.219523	.87165
2105.183876	.87117
2106.148230	.87059
2107.112583	.86997
2108.076937	.86923
2109.041291	.86836
2110.005644	.86756
2110.969998	.86683
2111.934351	.86612
2112.898705	.86536
2113.863058	.86428
2114.827412	.86298
2115.791766	.86193
2116.756119	.86106
2117.720473	.86001
2118.684826	.85873
2119.649180	.85721
2120.613534	.85547
2121.577887	.85378
2122.542241	.85221
2123.506594	.85057
2124.470948	.84887
2125.435302	.84704
2126.399655	.84511
2127.364009	.8434
2128.328362	.84229
2129.292716	.84184
2130.257069	.84173
2131.221423	.84172
2132.185777	.842
2133.150130	.84292
2134.114484	.84432
2135.078837	.8459
2136.043191	.84758
2137.007545	.84939
2137.971898	.85124
2138.936252	.853
2139.900605	.8547
2140.864959	.85635
2141.829312	.85775
2142.793666	.85878
2143.758020	.85951
2144.722373	.86005
2145.686727	.86045
2146.651080	.86061
2147.615434	.86043
2148.579788	.85998
2149.544141	.85941
2150.508495	.85868
2151.472848	.85765
2152.437202	.85636
2153.401556	.85497
2154.365909	.85361
2155.330263	.85245
2156.294616	.85158
2157.258970	.85075
2158.223323	.84964
2159.187677	.84836
2160.152031	.84718
2161.116384	.84592
2162.080738	.84439
2163.045091	.84264
2164.009445	.84068
2164.973799	.83855
2165.938152	.83656
2166.902506	.83488
2167.866859	.8333
2168.831213	.83171
2169.795566	.83043
2170.759920	.82955
2171.724274	.8288
2172.688627	.82823
2173.652981	.82805
2174.617334	.82825
2175.581688	.82862
2176.546042	.82908
2177.510395	.8296
2178.474749	.82998
2179.439102	.83008
2180.403456	.83026
2181.367809	.83075
2182.332163	.83129
2183.296517	.83165
2184.260870	.83207
2185.225224	.83269
2186.189577	.83326
2187.153931	.83376
2188.118285	.83447
2189.082638	.83539
2190.046992	.83636
2191.011345	.83721
2191.975699	.83787
2192.940053	.83848
2193.904406	.83921
2194.868760	.84013
2195.833113	.84101
2196.797467	.84171
2197.761820	.84232
2198.726174	.84291
2199.690528	.84346
2200.654881	.84408
2201.619235	.84488
2202.583588	.84576
2203.547942	.84646
2204.512296	.84701
2205.476649	.84776
2206.441003	.84874
2207.405356	.84945
2208.369710	.84981
2209.334063	.85004
2210.298417	.85012
2211.262771	.85005
2212.227124	.84999
2213.191478	.84996
2214.155831	.84986
2215.120185	.84964
2216.084539	.84938
2217.048892	.84907
2218.013246	.84842
2218.977599	.84753
2219.941953	.84685
2220.906306	.84623
2221.870660	.84528
2222.835014	.844
2223.799367	.84261
2224.763721	.84119
2225.728074	.83973
2226.692428	.83849
2227.656782	.83748
2228.621135	.83646
2229.585489	.83547
2230.549842	.83473
2231.514196	.83447
2232.478550	.83477
2233.442903	.83546
2234.407257	.83616
2235.371610	.83671
2236.335964	.83717
2237.300317	.83775
2238.264671	.83837
2239.229025	.83881
2240.193378	.83903
2241.157732	.83907
2242.122085	.83915
2243.086439	.83932
2244.050793	.83932
2245.015146	.83896
2245.979500	.83819
2246.943853	.83716
2247.908207	.8362
2248.872560	.83532
2249.836914	.83425
2250.801268	.833
2251.765621	.83175
2252.729975	.83067
2253.694328	.82994
2254.658682	.82959
2255.623036	.82953
2256.587389	.82972
2257.551743	.83021
2258.516096	.83089
2259.480450	.83141
2260.444804	.83184
2261.409157	.83246
2262.373511	.83317
2263.337864	.83365
2264.302218	.83389
2265.266571	.83407
2266.230925	.83409
2267.195279	.83387
2268.159632	.83361
2269.123986	.83362
2270.088339	.8338
2271.052693	.83412
2272.017047	.83468
2272.981400	.8354
2273.945754	.83629
2274.910107	.83723
2275.874461	.83803
2276.838814	.83859
2277.803168	.8392
2278.767522	.83998
2279.731875	.84081
2280.696229	.84147
2281.660582	.84174
2282.624936	.84174
2283.589290	.84144
2284.553643	.84068
2285.517997	.83957
2286.482350	.83835
2287.446704	.83703
2288.411057	.83546
2289.375411	.83407
2290.339765	.83303
2291.304118	.83214
2292.268472	.83111
2293.232825	.82979
2294.197179	.82851
2295.161533	.82735
2296.125886	.82644
2297.090240	.82572
2298.054593	.8249
2299.018947	.82375
2299.983301	.82234
2300.947654	.8212
2301.912008	.82019
2302.876361	.81901
2303.840715	.81762
2304.805068	.81607
2305.769422	.81425
2306.733776	.81195
2307.698129	.80941
2308.662483	.80654
2309.626836	.80348
2310.591190	.80065
2311.555544	.79813
2312.519897	.79569
2313.484251	.79343
2314.448604	.79175
2315.412958	.78977
2316.377311	.78666
2317.341665	.78217
2318.306019	.77638
2319.270372	.77038
2320.234726	.76467
2321.199079	.75951
2322.163433	.75508
2323.127787	.75125
2324.092140	.74845
2325.056494	.74639
2326.020847	.74375
2326.985201	.73996
2327.949554	.7354
2328.913908	.73048
2329.878262	.72617
2330.842615	.72324
2331.806969	.72159
2332.771322	.72079
2333.735676	.72033
2334.700030	.71919
2335.664383	.71623
2336.628737	.71328
2337.593090	.71205
2338.557444	.71053
2339.521798	.70801
2340.486151	.70616
2341.450505	.7054
2342.414858	.70483
2343.379212	.70419
2344.343565	.70431
2345.307919	.70757
2346.272273	.71611
2347.236626	.72925
2348.200980	.74083
2349.165333	.74208
2350.129687	.73181
2351.094041	.71726
2352.058394	.70478
2353.022748	.6944
2353.987101	.68451
2354.951455	.67606
2355.915808	.6701
2356.880162	.66499
2357.844516	.65993
2358.808869	.65662
2359.773223	.65583
2360.737576	.65642
2361.701930	.65771
2362.666284	.65961
2363.630637	.66242
2364.594991	.66676
2365.559344	.67245
2366.523698	.6787
2367.488052	.68507
2368.452405	.69158
2369.416759	.69812
2370.381112	.70486
2371.345466	.712
2372.309819	.71916
2373.274173	.72616
2374.238527	.73316
2375.202880	.74042
2376.167234	.74796
2377.131587	.75581
2378.095941	.7641
2379.060295	.77233
2380.024648	.77992
2380.989002	.78686
2381.953355	.79294
2382.917709	.79772
2383.882062	.80122
2384.846416	.80381
2385.810770	.80563
2386.775123	.80655
2387.739477	.80682
2388.703830	.80688
2389.668184	.80649
2390.632538	.8056
2391.596891	.8047
2392.561245	.80381
2393.525598	.80273
2394.489952	.80162
2395.454305	.80052
2396.418659	.7994
2397.383013	.79851
2398.347366	.79797
2399.311720	.79768
2400.276073	.79751
2401.240427	.7974
2402.204781	.79751
2403.169134	.7979
2404.133488	.79828
2405.097841	.79857
2406.062195	.79898
2407.026549	.79951
2407.990902	.80005
2408.955256	.8006
2409.919609	.80116
2410.883963	.80164
2411.848316	.80194
2412.812670	.80203
2413.777024	.80197
2414.741377	.80173
2415.705731	.80139
2416.670084	.80099
2417.634438	.80034
2418.598792	.79935
2419.563145	.7983
2420.527499	.79731
2421.491852	.79617
2422.456206	.7948
2423.420559	.79343
2424.384913	.79233
2425.349267	.7915
2426.313620	.79076
2427.277974	.79029
2428.242327	.79028
2429.206681	.79049
2430.171035	.79076
2431.135388	.79143
2432.099742	.79264
2433.064095	.79411
2434.028449	.79584
2434.992802	.79794
2435.957156	.80011
2436.921510	.80213
2437.885863	.80407
2438.850217	.80582
2439.814570	.80731
2440.778924	.80878
2441.743278	.81014
2442.707631	.81101
2443.671985	.81146
2444.636338	.81203
2445.600692	.81272
2446.565046	.81315
2447.529399	.81341
2448.493753	.81371
2449.458106	.81395
2450.422460	.81407
2451.386813	.81431
2452.351167	.81479
2453.315521	.81524
2454.279874	.81538
2455.244228	.81541
2456.208581	.81556
2457.172935	.81577
2458.137289	.816
2459.101642	.81641
2460.065996	.81703
2461.030349	.81761
2461.994703	.81795
2462.959056	.81813
2463.923410	.81837
2464.887764	.81863
2465.852117	.8189
2466.816471	.81916
2467.780824	.81929
2468.745178	.81922
2469.709532	.81904
2470.673885	.81872
2471.638239	.81823
2472.602592	.81758
2473.566946	.8167
2474.531300	.81583
2475.495653	.81523
2476.460007	.81472
2477.424360	.81423
2478.388714	.81377
2479.353067	.8132
2480.317421	.8126
2481.281775	.81218
2482.246128	.81189
2483.210482	.81153
2484.174835	.81119
2485.139189	.81093
2486.103543	.81064
2487.067896	.81039
2488.032250	.81035
2488.996603	.81023
2489.960957	.80978
2490.925310	.80938
2491.889664	.80936
2492.854018	.80953
2493.818371	.8099
2494.782725	.81057
2495.747078	.81119
2496.711432	.8116
2497.675786	.81212
2498.640139	.81286
2499.604493	.81351
2500.568846	.81389
2501.533200	.81411
2502.497553	.81415
2503.461907	.81393
2504.426261	.81357
2505.390614	.81311
2506.354968	.81251
2507.319321	.81175
2508.283675	.81098
2509.248029	.8103
2510.212382	.80965
2511.176736	.809
2512.141089	.80816
2513.105443	.80689
2514.069797	.80543
2515.034150	.80404
2515.998504	.80268
2516.962857	.80101
2517.927211	.79893
2518.891564	.79672
2519.855918	.79451
2520.820272	.7922
2521.784625	.78981
2522.748979	.78756
2523.713332	.78559
2524.677686	.78376
2525.642040	.78191
2526.606393	.78014
2527.570747	.77865
2528.535100	.7774
2529.499454	.77615
2530.463807	.77473
2531.428161	.77334
2532.392515	.77214
2533.356868	.77111
2534.321222	.77014
2535.285575	.76907
2536.249929	.76796
2537.214283	.76692
2538.178636	.76593
2539.142990	.76496
2540.107343	.76408
2541.071697	.76331
2542.036050	.76242
2543.000404	.76112
2543.964758	.75934
2544.929111	.75734
2545.893465	.75528
2546.857818	.75296
2547.822172	.75013
2548.786526	.74701
2549.750879	.74404
2550.715233	.74135
2551.679586	.73898
2552.643940	.73696
2553.608294	.73509
2554.572647	.73332
2555.537001	.7319
2556.501354	.73088
2557.465708	.72995
2558.430061	.72891
2559.394415	.7278
2560.358769	.7267
2561.323122	.72545
2562.287476	.72374
2563.251829	.72162
2564.216183	.71934
2565.180537	.71678
2566.144890	.71363
2567.109244	.70988
2568.073597	.70575
2569.037951	.7014
2570.002304	.69677
2570.966658	.69177
2571.931012	.68628
2572.895365	.68029
2573.859719	.6738
2574.824072	.66703
2575.788426	.66038
2576.752780	.65397
2577.717133	.64777
2578.681487	.64211
2579.645840	.63747
2580.610194	.63414
2581.574547	.63251
2582.538901	.63289
2583.503255	.63537
2584.467608	.63978
2585.431962	.64552
2586.396315	.65178
2587.360669	.65813
2588.325023	.66445
2589.289376	.67053
2590.253730	.67596
2591.218083	.68064
2592.182437	.68475
2593.146791	.68835
2594.111144	.69147
2595.075498	.69419
2596.039851	.69635
2597.004205	.69775
2597.968558	.69848
2598.932912	.69883
2599.897266	.69878
2600.861619	.69809
2601.825973	.69663
2602.790326	.69449
2603.754680	.69186
2604.719034	.68865
2605.683387	.68466
2606.647741	.68015
2607.612094	.67565
2608.576448	.6713
2609.540801	.66695
2610.505155	.66267
2611.469509	.65901
2612.433862	.65638
2613.398216	.65463
2614.362569	.65345
2615.326923	.65277
2616.291277	.65253
2617.255630	.65272
2618.219984	.65323
2619.184337	.65387
2620.148691	.65475
2621.113045	.656
2622.077398	.6575
2623.041752	.65913
2624.006105	.66095
2624.970459	.66312
2625.934812	.66569
2626.899166	.66834
2627.863520	.67068
2628.827873	.67274
2629.792227	.67482
2630.756580	.6769
2631.720934	.67865
2632.685288	.67992
2633.649641	.6807
2634.613995	.68089
2635.578348	.68072
2636.542702	.68044
2637.507055	.6795
2638.471409	.67742
2639.435763	.67478
2640.400116	.67211
2641.364470	.66941
2642.328823	.66672
2643.293177	.66414
2644.257531	.66194
2645.221884	.66031
2646.186238	.65889
2647.150591	.6574
2648.114945	.6558
2649.079298	.65399
2650.043652	.65192
2651.008006	.64934
2651.972359	.64609
2652.936713	.64235
2653.901066	.6385
2654.865420	.63485
2655.829774	.63155
2656.794127	.62869
2657.758481	.62625
2658.722834	.62431
2659.687188	.62325
2660.651542	.62315
2661.615895	.62365
2662.580249	.62453
2663.544602	.62562
2664.508956	.62679
2665.473309	.62807
2666.437663	.62924
2667.402017	.62986
2668.366370	.62981
2669.330724	.62904
2670.295077	.62755
2671.259431	.62582
2672.223785	.62414
2673.188138	.62215
2674.152492	.61973
2675.116845	.61752
2676.081199	.61594
2677.045552	.61494
2678.009906	.61454
2678.974260	.61464
2679.938613	.61495
2680.902967	.61552
2681.867320	.61632
2682.831674	.61702
2683.796028	.61736
2684.760381	.61735
2685.724735	.61699
2686.689088	.61634
2687.653442	.61574
2688.617795	.61544
2689.582149	.61534
2690.546503	.61548
2691.510856	.61614
2692.475210	.61711
2693.439563	.61783
2694.403917	.61807
2695.368271	.61777
2696.332624	.61696
2697.296978	.61566
2698.261331	.61375
2699.225685	.61104
2700.190039	.60746
2701.154392	.60315
2702.118746	.59838
2703.083099	.59313
2704.047453	.58733
2705.011806	.58133
2705.976160	.57532
2706.940514	.56906
2707.904867	.5624
2708.869221	.55547
2709.833574	.54821
2710.797928	.54034
2711.762282	.53155
2712.726635	.52189
2713.690989	.51158
2714.655342	.50047
2715.619696	.48817
2716.584049	.47456
2717.548403	.45971
2718.512757	.44375
2719.477110	.42756
2720.441464	.41294
2721.405817	.40197
2722.370171	.39644
2723.334525	.39736
2724.298878	.40418
2725.263232	.41518
2726.227585	.4286
2727.191939	.4429
2728.156293	.45679
2729.120646	.46943
2730.085000	.48045
2731.049353	.48988
2732.013707	.49802
2732.978060	.5053
2733.942414	.51213
2734.906768	.51883
2735.871121	.52569
2736.835475	.53285
2737.799828	.5403
2738.764182	.54806
2739.728536	.55613
2740.692889	.56417
2741.657243	.57168
2742.621596	.57839
2743.585950	.58416
2744.550303	.58898
2745.514657	.59307
2746.479011	.59648
2747.443364	.59918
2748.407718	.60129
2749.372071	.60305
2750.336425	.60456
2751.300779	.60564
2752.265132	.60618
2753.229486	.60632
2754.193839	.60615
2755.158193	.60564
2756.122546	.60472
2757.086900	.60338
2758.051254	.60157
2759.015607	.59936
2759.979961	.59687
2760.944314	.59425
2761.908668	.59163
2762.873022	.58928
2763.837375	.58718
2764.801729	.58498
2765.766082	.58289
2766.730436	.58129
2767.694790	.57991
2768.659143	.57827
2769.623497	.57632
2770.587850	.57429
2771.552204	.57207
2772.516557	.56941
2773.480911	.56609
2774.445265	.56213
2775.409618	.55758
2776.373972	.55223
2777.338325	.54608
2778.302679	.53933
2779.267033	.53194
2780.231386	.52399
2781.195740	.51582
2782.160093	.50734
2783.124447	.4981
2784.088800	.48791
2785.053154	.47683
2786.017508	.46492
2786.981861	.45235
2787.946215	.43928
2788.910568	.42564
2789.874922	.41164
2790.839276	.39808
2791.803629	.3857
2792.767983	.37496
2793.732336	.36618
2794.696690	.35909
2795.661043	.35322
2796.625397	.34832
2797.589751	.34383
2798.554104	.33871
2799.518458	.33189
2800.482811	.32269
2801.447165	.31112
2802.411519	.29753
2803.375872	.28243
2804.340226	.2667
2805.304579	.25137
2806.268933	.23733
2807.233287	.22516
2808.197640	.21506
2809.161994	.20674
2810.126347	.19941
2811.090701	.1924
2812.055054	.18551
2813.019408	.17861
2813.983762	.17151
2814.948115	.16413
2815.912469	.15639
2816.876822	.14811
2817.841176	.13904
2818.805530	.12899
2819.769883	.11804
2820.734237	.10658
2821.698590	.094821
2822.662944	.082857
2823.627297	.070998
2824.591651	.059358
2825.556005	.047738
2826.520358	.03657
2827.484712	.026665
2828.449065	.018253
2829.413419	.011384
2830.377773	.0063302
2831.342126	.0031449
2832.306480	.0015215
2833.270833	.0009132
2834.235187	.0008136
2835.199541	.0009885
2836.163894	.0012187
2837.128248	.0012166
2838.092601	.0009855
2839.056955	.0008643
2840.021308	.0008709
2840.985662	.0009069
2841.950016	.0011264
2842.914369	.001379
2843.878723	.001373
2844.843076	.0014299
2845.807430	.0018214
2846.771784	.0024543
2847.736137	.0034613
2848.700491	.0052195
2849.664844	.0074966
2850.629198	.0098977
2851.593551	.012517
2852.557905	.015024
2853.522259	.016645
2854.486612	.017184
2855.450966	.016741
2856.415319	.015339
2857.379673	.01308
2858.344027	.010078
2859.308380	.006709
2860.272734	.0037741
2861.237087	.0018058
2862.201441	.0006955
2863.165794	.0001706
2864.130148	.000042
2865.094502	.0001895
2866.058855	.0002803
2867.023209	.0001211
2867.987562	.0000653
2868.951916	.0002357
2869.916270	.0003505
2870.880623	.0004679
2871.844977	.0006873
2872.809330	.0008026
2873.773684	.0006501
2874.738038	.000362
2875.702391	.0002839
2876.666745	.0004436
2877.631098	.0005713
2878.595452	.0005446
2879.559805	.000466
2880.524159	.0003671
2881.488513	.0004114
2882.452866	.0005961
2883.417220	.0006192
2884.381573	.0004703
2885.345927	.0003462
2886.310281	.0002491
2887.274634	.0003759
2888.238988	.0006631
2889.203341	.000864
2890.167695	.0008488
2891.132048	.0007388
2892.096402	.0005751
2893.060756	.0005299
2894.025109	.000653
2894.989463	.0007922
2895.953816	.0008422
2896.918170	.0009153
2897.882524	.0010541
2898.846877	.0011234
2899.811231	.0009175
2900.775584	.0007411
2901.739938	.000815
2902.704291	.0009254
2903.668645	.0010526
2904.632999	.0011651
2905.597352	.0010847
2906.561706	.0009088
2907.526059	.0008844
2908.490413	.0010009
2909.454767	.0009634
2910.419120	.0008616
2911.383474	.0009492
2912.347827	.0010661
2913.312181	.0009529
2914.276535	.0007704
2915.240888	.0005132
2916.205242	.0004753
2917.169595	.0006855
2918.133949	.0010192
2919.098302	.0011038
2920.062656	.0008458
2921.027010	.0005804
2921.991363	.000485
2922.955717	.0005152
2923.920070	.0006966
2924.884424	.000829
2925.848778	.0007663
2926.813131	.0006179
2927.777485	.0004918
2928.741838	.0005289
2929.706192	.0008401
2930.670545	.0010158
2931.634899	.0008841
2932.599253	.0006917
2933.563606	.0007085
2934.527960	.0009942
2935.492313	.0012958
2936.456667	.0011479
2937.421021	.0006437
2938.385374	.0003176
2939.349728	.0003435
2940.314081	.000402
2941.278435	.0005447
2942.242789	.0007845
2943.207142	.0009853
2944.171496	.000919
2945.135849	.0005885
2946.100203	.0001732
2947.064556	.0001803
2948.028910	.0003921
2948.993264	.0004351
2949.957617	.0003933
2950.921971	.0004161
2951.886324	.0003762
2952.850678	.0002868
2953.815032	.0003453
2954.779385	.000426
2955.743739	.0004748
2956.708092	.0005635
2957.672446	.0006432
2958.636799	.0007156
2959.601153	.0007973
2960.565507	.0009011
2961.529860	.0009366
2962.494214	.0010096
2963.458567	.001127
2964.422921	.0011096
2965.387275	.0009606
2966.351628	.0008919
2967.315982	.0009448
2968.280335	.0011055
2969.244689	.0014072
2970.209042	.0016083
2971.173396	.0015531
2972.137750	.0016212
2973.102103	.0015748
2974.066457	.0016966
2975.030810	.0028752
2975.995164	.0050582
2976.959518	.0081587
2977.923871	.012523
2978.888225	.018616
2979.852578	.026549
2980.816932	.036188
2981.781286	.0475
2982.745639	.060669
2983.709993	.07568
2984.674346	.092313
2985.638700	.11017
2986.603053	.12859
2987.567407	.14722
2988.531761	.16638
2989.496114	.18623
2990.460468	.20626
2991.424821	.22601
2992.389175	.24546
2993.353529	.26457
2994.317882	.28324
2995.282236	.30149
2996.246589	.31937
2997.210943	.33675
2998.175296	.35337
2999.139650	.36919
3000.104004	.38435
3001.068357	.39897
3002.032711	.41308
3002.997064	.42664
3003.961418	.43953
3004.925772	.45177
3005.890125	.46363
3006.854479	.47535
3007.818832	.48679
3008.783186	.49775
3009.747539	.50822
3010.711893	.51843
3011.676247	.52838
3012.640600	.53799
3013.604954	.54728
3014.569307	.5562
3015.533661	.56482
3016.498015	.57339
3017.462368	.58168
3018.426722	.58937
3019.391075	.59653
3020.355429	.6033
3021.319783	.60966
3022.284136	.61571
3023.248490	.62152
3024.212843	.62708
3025.177197	.63246
3026.141550	.63769
3027.105904	.64257
3028.070258	.6471
3029.034611	.65141
3029.998965	.65536
3030.963318	.65897
3031.927672	.6626
3032.892026	.6662
3033.856379	.66953
3034.820733	.67267
3035.785086	.67573
3036.749440	.67871
3037.713793	.68139
3038.678147	.68379
3039.642501	.6862
3040.606854	.68854
3041.571208	.69059
3042.535561	.69258
3043.499915	.69476
3044.464269	.69674
3045.428622	.69842
3046.392976	.70019
3047.357329	.70208
3048.321683	.70373
3049.286037	.70513
3050.250390	.70662
3051.214744	.70832
3052.179097	.70997
3053.143451	.71134
3054.107804	.7125
3055.072158	.7138
3056.036512	.71558
3057.000865	.71753
3057.965219	.71904
3058.929572	.72023
3059.893926	.72153
3060.858280	.7229
3061.822633	.72426
3062.786987	.72571
3063.751340	.72721
3064.715694	.72858
3065.680047	.72976
3066.644401	.73106
3067.608755	.73247
3068.573108	.73368
3069.537462	.73483
3070.501815	.73609
3071.466169	.73728
3072.430523	.7384
3073.394876	.73948
3074.359230	.74035
3075.323583	.74106
3076.287937	.74188
3077.252290	.74282
3078.216644	.74364
3079.180998	.74414
3080.145351	.74449
3081.109705	.74493
3082.074058	.74553
3083.038412	.74616
3084.002766	.74676
3084.967119	.74729
3085.931473	.74785
3086.895826	.74847
3087.860180	.74874
3088.824534	.74859
3089.788887	.74856
3090.753241	.74884
3091.717594	.7493
3092.681948	.74962
3093.646301	.74943
3094.610655	.74894
3095.575009	.74864
3096.539362	.74857
3097.503716	.74853
3098.468069	.74837
3099.432423	.74812
3100.396777	.74788
3101.361130	.74765
3102.325484	.74737
3103.289837	.74706
3104.254191	.74656
3105.218544	.74593
3106.182898	.74552
3107.147252	.74529
3108.111605	.74492
3109.075959	.74438
3110.040312	.74388
3111.004666	.74352
3111.969020	.74294
3112.933373	.74192
3113.897727	.74078
3114.862080	.73986
3115.826434	.7391
3116.790787	.73828
3117.755141	.73735
3118.719495	.7363
3119.683848	.73513
3120.648202	.73389
3121.612555	.73272
3122.576909	.73158
3123.541263	.73029
3124.505616	.72874
3125.469970	.72712
3126.434323	.72582
3127.398677	.72497
3128.363031	.72402
3129.327384	.72255
3130.291738	.72099
3131.256091	.7197
3132.220445	.71842
3133.184798	.71718
3134.149152	.71615
3135.113506	.7152
3136.077859	.71431
3137.042213	.71348
3138.006566	.71278
3138.970920	.71243
3139.935274	.71239
3140.899627	.71231
3141.863981	.71204
3142.828334	.71185
3143.792688	.71196
3144.757041	.71231
3145.721395	.71286
3146.685749	.7135
3147.650102	.71416
3148.614456	.71492
3149.578809	.7157
3150.543163	.71634
3151.507517	.717
3152.471870	.71796
3153.436224	.71911
3154.400577	.72023
3155.364931	.7212
3156.329284	.72189
3157.293638	.72251
3158.257992	.7234
3159.222345	.72427
3160.186699	.72479
3161.151052	.72524
3162.115406	.72581
3163.079760	.72652
3164.044113	.72737
3165.008467	.72794
3165.972820	.72802
3166.937174	.72792
3167.901528	.72768
3168.865881	.72727
3169.830235	.7268
3170.794588	.72621
3171.758942	.72562
3172.723295	.7252
3173.687649	.72474
3174.652003	.72398
3175.616356	.72297
3176.580710	.72196
3177.545063	.7211
3178.509417	.72035
3179.473771	.71949
3180.438124	.7184
3181.402478	.7174
3182.366831	.71671
3183.331185	.71614
3184.295538	.71539
3185.259892	.71455
3186.224246	.71396
3187.188599	.71367
3188.152953	.71336
3189.117306	.71283
3190.081660	.71225
3191.046014	.71203
3192.010367	.71235
3192.974721	.71296
3193.939074	.71351
3194.903428	.71401
3195.867782	.71459
3196.832135	.71539
3197.796489	.71637
3198.760842	.71748
3199.725196	.7188
3200.689549	.72043
3201.653903	.72225
3202.618257	.72397
3203.582610	.72582
3204.546964	.7281
3205.511317	.73051
3206.475671	.73273
3207.440025	.73486
3208.404378	.73697
3209.368732	.73907
3210.333085	.74151
3211.297439	.74429
3212.261792	.74694
3213.226146	.74935
3214.190500	.75184
3215.154853	.75466
3216.119207	.75755
3217.083560	.75999
3218.047914	.76221
3219.012268	.76487
3219.976621	.76789
3220.940975	.77076
3221.905328	.77364
3222.869682	.77685
3223.834035	.77998
3224.798389	.7826
3225.762743	.78499
3226.727096	.7875
3227.691450	.78987
3228.655803	.7922
3229.620157	.79482
3230.584511	.79743
3231.548864	.79958
3232.513218	.80148
3233.477571	.80368
3234.441925	.80619
3235.406279	.80861
3236.370632	.8107
3237.334986	.81251
3238.299339	.81417
3239.263693	.81566
3240.228046	.81691
3241.192400	.81819
3242.156754	.81968
3243.121107	.82096
3244.085461	.82172
3245.049814	.82244
3246.014168	.82341
3246.978522	.82453
3247.942875	.82574
3248.907229	.82663
3249.871582	.82713
3250.835936	.82753
3251.800289	.82765
3252.764643	.82738
3253.728997	.8271
3254.693350	.82711
3255.657704	.82729
3256.622057	.82739
3257.586411	.82731
3258.550765	.82699
3259.515118	.82663
3260.479472	.8265
3261.443825	.82649
3262.408179	.82623
3263.372532	.82562
3264.336886	.82508
3265.301240	.82485
3266.265593	.82477
3267.229947	.82464
3268.194300	.82436
3269.158654	.82387
3270.123008	.82343
3271.087361	.82327
3272.051715	.82318
3273.016068	.82307
3273.980422	.82308
3274.944776	.8232
3275.909129	.82331
3276.873483	.82341
3277.837836	.82374
3278.802190	.82419
3279.766543	.82437
3280.730897	.82426
3281.695251	.82417
3282.659604	.82433
3283.623958	.82452
3284.588311	.82428
3285.552665	.8239
3286.517019	.82399
3287.481372	.82429
3288.445726	.82435
3289.410079	.82427
3290.374433	.82412
3291.338786	.82377
3292.303140	.82361
3293.267494	.82393
3294.231847	.82444
3295.196201	.82502
3296.160554	.82568
3297.124908	.82624
3298.089262	.82691
3299.053615	.82776
3300.017969	.82843
3300.982322	.82918
3301.946676	.83023
3302.911030	.83112
3303.875383	.83174
3304.839737	.83233
3305.804090	.83298
3306.768444	.83368
3307.732797	.83419
3308.697151	.83457
3309.661505	.83524
3310.625858	.83607
3311.590212	.83663
3312.554565	.83695
3313.518919	.83716
3314.483273	.83728
3315.447626	.83743
3316.411980	.83759
3317.376333	.83765
3318.340687	.83756
3319.305040	.83728
3320.269394	.83696
3321.233748	.83676
3322.198101	.83658
3323.162455	.8362
3324.126808	.83562
3325.091162	.83478
3326.055516	.83365
3327.019869	.83251
3327.984223	.83144
3328.948576	.83037
3329.912930	.82925
3330.877283	.82789
3331.841637	.82624
3332.805991	.82467
3333.770344	.8234
3334.734698	.8223
3335.699051	.82126
3336.663405	.82023
3337.627759	.81919
3338.592112	.81835
3339.556466	.81779
3340.520819	.81727
3341.485173	.81676
3342.449527	.8164
3343.413880	.81615
3344.378234	.81598
3345.342587	.816
3346.306941	.81631
3347.271294	.8166
3348.235648	.81651
3349.200002	.81634
3350.164355	.81671
3351.128709	.81773
3352.093062	.81888
3353.057416	.81977
3354.021770	.82047
3354.986123	.82108
3355.950477	.82156
3356.914830	.82203
3357.879184	.82269
3358.843537	.82353
3359.807891	.8244
3360.772245	.8251
3361.736598	.82563
3362.700952	.82632
3363.665305	.82707
3364.629659	.82734
3365.594013	.82747
3366.558366	.82788
3367.522720	.82826
3368.487073	.82875
3369.451427	.82949
3370.415780	.83002
3371.380134	.83012
3372.344488	.83017
3373.308841	.83061
3374.273195	.83128
3375.237548	.83182
3376.201902	.83235
3377.166256	.8328
3378.130609	.83292
3379.094963	.83288
3380.059316	.83291
3381.023670	.83282
3381.988024	.83266
3382.952377	.83261
3383.916731	.83248
3384.881084	.83229
3385.845438	.83228
3386.809791	.83227
3387.774145	.83212
3388.738499	.83198
3389.702852	.83175
3390.667206	.83129
3391.631559	.83072
3392.595913	.83028
3393.560267	.8302
3394.524620	.83025
3395.488974	.83005
3396.453327	.8298
3397.417681	.82972
3398.382034	.82973
3399.346388	.82981
3400.310742	.82991
3401.275095	.8298
3402.239449	.82948
3403.203802	.82925
3404.168156	.82922
3405.132510	.82928
3406.096863	.82923
3407.061217	.8293
3408.025570	.82963
3408.989924	.82983
3409.954278	.82979
3410.918631	.82986
3411.882985	.83023
3412.847338	.83078
3413.811692	.83134
3414.776045	.83183
3415.740399	.83237
3416.704753	.83309
3417.669106	.83389
3418.633460	.83463
3419.597813	.83508
3420.562167	.83542
3421.526521	.83612
3422.490874	.83698
3423.455228	.83765
3424.419581	.83837
3425.383935	.83939
3426.348288	.84028
3427.312642	.84069
3428.276996	.84095
3429.241349	.84138
3430.205703	.8419
3431.170056	.84238
3432.134410	.84285
3433.098764	.84349
3434.063117	.84415
3435.027471	.8445
3435.991824	.8446
3436.956178	.84477
3437.920531	.84507
3438.884885	.8455
3439.849239	.84614
3440.813592	.8469
3441.777946	.8476
3442.742299	.84819
3443.706653	.84869
3444.671007	.84898
3445.635360	.84877
3446.599714	.84828
3447.564067	.84855
3448.528421	.84987
3449.492775	.85119
3450.457128	.85191
3451.421482	.85224
3452.385835	.8525
3453.350189	.85298
3454.314542	.85373
3455.278896	.85449
3456.243250	.85493
3457.207603	.85515
3458.171957	.85555
3459.136310	.85622
3460.100664	.85709
3461.065018	.85799
3462.029371	.85871
3462.993725	.8593
3463.958078	.85993
3464.922432	.86071
3465.886785	.86147
3466.851139	.86196
3467.815493	.86235
3468.779846	.86294
3469.744200	.86367
3470.708553	.86446
3471.672907	.8651
3472.637261	.86543
3473.601614	.86559
3474.565968	.86574
3475.530321	.86603
3476.494675	.86661
3477.459028	.86727
3478.423382	.86762
3479.387736	.86765
3480.352089	.86751
3481.316443	.86745
3482.280796	.86794
3483.245150	.86866
3484.209504	.86881
3485.173857	.86855
3486.138211	.86839
3487.102564	.86834
3488.066918	.86843
3489.031272	.86893
3489.995625	.86953
3490.959979	.86977
3491.924332	.86967
3492.888686	.86934
3493.853039	.86883
3494.817393	.86844
3495.781747	.86838
3496.746100	.86861
3497.710454	.86875
3498.674807	.86845
3499.639161	.86789
3500.603515	.86738
3501.567868	.86667
3502.532222	.86582
3503.496575	.86565
3504.460929	.86644
3505.425282	.8673
3506.389636	.86771
3507.353990	.86786
3508.318343	.86769
3509.282697	.86744
3510.247050	.86771
3511.211404	.86832
3512.175758	.86879
3513.140111	.86927
3514.104465	.86982
3515.068818	.87016
3516.033172	.8702
3516.997526	.8701
3517.961879	.87009
3518.926233	.87037
3519.890586	.87063
3520.854940	.87048
3521.819293	.86995
3522.783647	.86945
3523.748001	.86968
3524.712354	.87051
3525.676708	.87083
3526.641061	.87056
3527.605415	.87054
3528.569769	.87093
3529.534122	.87147
3530.498476	.8721
3531.462829	.87282
3532.427183	.87353
3533.391536	.87411
3534.355890	.8744
3535.320244	.87408
3536.284597	.8735
3537.248951	.8736
3538.213304	.87444
3539.177658	.87508
3540.142012	.87511
3541.106365	.87498
3542.070719	.8749
3543.035072	.87459
3543.999426	.87374
3544.963779	.87279
3545.928133	.87244
3546.892487	.87267
3547.856840	.87334
3548.821194	.87423
3549.785547	.87479
3550.749901	.87452
3551.714255	.87359
3552.678608	.8731
3553.642962	.87357
3554.607315	.87437
3555.571669	.87493
3556.536023	.87512
3557.500376	.87501
3558.464730	.87447
3559.429083	.87356
3560.393437	.87309
3561.357790	.87322
3562.322144	.87304
3563.286498	.87248
3564.250851	.87172
3565.215205	.86989
3566.179558	.86716
3567.143912	.86543
3568.108266	.86655
3569.072619	.87016
3570.036973	.87333
3571.001326	.87467
3571.965680	.87513
3572.930033	.87516
3573.894387	.87487
3574.858741	.87486
3575.823094	.8751
3576.787448	.87525
3577.751801	.87551
3578.716155	.8758
3579.680509	.87585
3580.644862	.87582
3581.609216	.87576
3582.573569	.87545
3583.537923	.87504
3584.502276	.87408
3585.466630	.87149
3586.430984	.86842
3587.395337	.86687
3588.359691	.86714
3589.324044	.86952
3590.288398	.87282
3591.252752	.87426
3592.217105	.87343
3593.181459	.87198
3594.145812	.87088
3595.110166	.8702
3596.074520	.87037
3597.038873	.87106
3598.003227	.87117
3598.967580	.8706
3599.931934	.86995
3600.896287	.86997
3601.860641	.87082
3602.824995	.87173
3603.789348	.87227
3604.753702	.87214
3605.718055	.87065
3606.682409	.8681
3607.646763	.86551
3608.611116	.86344
3609.575470	.8641
3610.539823	.86696
3611.504177	.86722
3612.468530	.86532
3613.432884	.86522
3614.397238	.86659
3615.361591	.86749
3616.325945	.86655
3617.290298	.86331
3618.254652	.85914
3619.219006	.85637
3620.183359	.85724
3621.147713	.86062
3622.112066	.86295
3623.076420	.86322
3624.040774	.86243
3625.005127	.861
3625.969481	.85838
3626.933834	.85282
3627.898188	.8435
3628.862541	.8364
3629.826895	.83984
3630.791249	.84955
3631.755602	.85576
3632.719956	.85657
3633.684309	.85615
3634.648663	.85778
3635.613017	.86036
3636.577370	.8617
3637.541724	.86185
3638.506077	.86217
3639.470431	.86321
3640.434784	.86414
3641.399138	.86432
3642.363492	.86442
3643.327845	.86492
3644.292199	.86513
3645.256552	.86317
3646.220906	.8582
3647.185260	.85297
3648.149613	.84937
3649.113967	.84666
3650.078320	.84643
3651.042674	.85078
3652.007027	.85813
3652.971381	.86422
3653.935735	.86578
3654.900088	.86233
3655.864442	.85738
3656.828795	.85747
3657.793149	.86219
3658.757503	.86537
3659.721856	.86587
3660.686210	.86561
3661.650563	.86517
3662.614917	.8644
3663.579271	.86343
3664.543624	.86244
3665.507978	.86125
3666.472331	.8593
3667.436685	.8552
3668.401038	.8489
3669.365392	.84196
3670.329746	.83752
3671.294099	.84046
3672.258453	.84705
3673.222806	.84707
3674.187160	.83777
3675.151514	.82742
3676.115867	.82783
3677.080221	.83698
3678.044574	.84321
3679.008928	.84407
3679.973281	.84454
3680.937635	.84631
3681.901989	.84743
3682.866342	.84737
3683.830696	.84686
3684.795049	.84609
3685.759403	.84433
3686.723757	.83895
3687.688110	.82992
3688.652464	.82553
3689.616817	.82877
3690.581171	.83151
3691.545524	.83312
3692.509878	.83711
3693.474232	.84074
3694.438585	.84186
3695.402939	.84161
3696.367292	.84109
3697.331646	.84088
3698.296000	.84093
3699.260353	.84041
3700.224707	.83816
3701.189060	.83511
3702.153414	.83487
3703.117768	.83787
3704.082121	.84014
3705.046475	.84042
3706.010828	.84029
3706.975182	.83962
3707.939535	.83665
3708.903889	.83253
3709.868243	.8306
3710.832596	.82883
3711.796950	.82622
3712.761303	.82927
3713.725657	.83675
3714.690011	.84127
3715.654364	.84244
3716.618718	.84217
3717.583071	.84038
3718.547425	.83807
3719.511778	.83674
3720.476132	.83536
3721.440486	.8327
3722.404839	.83092
3723.369193	.83119
3724.333546	.83099
3725.297900	.8292
3726.262254	.82767
3727.226607	.82863
3728.190961	.83126
3729.155314	.83237
3730.119668	.83006
3731.084022	.82439
3732.048375	.81992
3733.012729	.82049
3733.977082	.82097
3734.941436	.81805
3735.905789	.81644
3736.870143	.81952
3737.834497	.82488
3738.798850	.82889
3739.763204	.83056
3740.727557	.83098
3741.691911	.8306
3742.656265	.8252
3743.620618	.8115
3744.584972	.80277
3745.549325	.81252
3746.513679	.82512
3747.478032	.82627
3748.442386	.81729
3749.406740	.81002
3750.371093	.81119
3751.335447	.81177
3752.299800	.81147
3753.264154	.81832
3754.228508	.8264
3755.192861	.82841
3756.157215	.82688
3757.121568	.82622
3758.085922	.82549
3759.050275	.82272
3760.014629	.82152
3760.978983	.82405
3761.943336	.82651
3762.907690	.82696
3763.872043	.82607
3764.836397	.82398
3765.800751	.82281
3766.765104	.82467
3767.729458	.82646
3768.693811	.82455
3769.658165	.82187
3770.622519	.82391
3771.586872	.82905
3772.551226	.83259
3773.515579	.8341
3774.479933	.83494
3775.444286	.83571
3776.408640	.83629
3777.372994	.8355
3778.337347	.83274
3779.301701	.83061
3780.266054	.8319
3781.230408	.8347
3782.194762	.83624
3783.159115	.8364
3784.123469	.83592
3785.087822	.83582
3786.052176	.83631
3787.016529	.8367
3787.980883	.83694
3788.945237	.83716
3789.909590	.83705
3790.873944	.83653
3791.838297	.83594
3792.802651	.8356
3793.767005	.83505
3794.731358	.83292
3795.695712	.82938
3796.660065	.82772
3797.624419	.82953
3798.588772	.83118
3799.553126	.82756
3800.517480	.81843
3801.481833	.81307
3802.446187	.81851
3803.410540	.82665
3804.374894	.82956
3805.339248	.82615
3806.303601	.8196
3807.267955	.81832
3808.232308	.8244
3809.196662	.8298
3810.161016	.83121
3811.125369	.83118
3812.089723	.83113
3813.054076	.83067
3814.018430	.82765
3814.982783	.81984
3815.947137	.81336
3816.911491	.81713
3817.875844	.82476
3818.840198	.82593
3819.804551	.81971
3820.768905	.81264
3821.733259	.81352
3822.697612	.82174
3823.661966	.82897
3824.626319	.83158
3825.590673	.83053
3826.555026	.82866
3827.519380	.82909
3828.483734	.83113
3829.448087	.83146
3830.412441	.82878
3831.376794	.82599
3832.341148	.82648
3833.305502	.82739
3834.269855	.82539
3835.234209	.82344
3836.198562	.82134
3837.162916	.81593
3838.127269	.81349
3839.091623	.81803
3840.055977	.82242
3841.020330	.82485
3841.984684	.82702
3842.949037	.82749
3843.913391	.82778
3844.877745	.83039
3845.842098	.83351
3846.806452	.83527
3847.770805	.83565
3848.735159	.83477
3849.699513	.83245
3850.663866	.82688
3851.628220	.81746
3852.592573	.80642
3853.556927	.79774
3854.521280	.80151
3855.485634	.81612
3856.449988	.82598
3857.414341	.82865
3858.378695	.82975
3859.343048	.83013
3860.307402	.82821
3861.271756	.825
3862.236109	.82333
3863.200463	.8223
3864.164816	.81914
3865.129170	.81724
3866.093523	.82022
3867.057877	.82353
3868.022231	.82155
3868.986584	.81472
3869.950938	.81071
3870.915291	.81505
3871.879645	.82104
3872.843999	.82174
3873.808352	.81942
3874.772706	.81978
3875.737059	.82278
3876.701413	.82463
3877.665767	.82454
3878.630120	.82236
3879.594474	.81828
3880.558827	.81649
3881.523181	.81902
3882.487534	.82182
3883.451888	.82169
3884.416242	.81769
3885.380595	.81291
3886.344949	.81424
3887.309302	.82045
3888.273656	.8245
3889.238010	.82381
3890.202363	.8194
3891.166717	.81604
3892.131070	.81806
3893.095424	.82209
3894.059777	.82401
3895.024131	.82478
3895.988485	.8254
3896.952838	.82456
3897.917192	.82113
3898.881545	.81716
3899.845899	.81599
3900.810253	.81614
3901.774606	.81537
3902.738960	.81456
3903.703313	.81408
3904.667667	.81522
3905.632020	.8185
3906.596374	.82164
3907.560728	.82358
3908.525081	.82432
3909.489435	.82418
3910.453788	.82403
3911.418142	.82387
3912.382496	.82341
3913.346849	.82301
3914.311203	.82255
3915.275556	.82076
3916.239910	.81756
3917.204264	.81533
3918.168617	.81542
3919.132971	.81593
3920.097324	.81595
3921.061678	.81656
3922.026031	.81724
3922.990385	.81653
3923.954739	.81479
3924.919092	.81412
3925.883446	.81553
3926.847799	.81723
3927.812153	.81748
3928.776507	.81668
3929.740860	.81584
3930.705214	.81489
3931.669567	.81373
3932.633921	.81378
3933.598274	.81551
3934.562628	.81731
3935.526982	.81832
3936.491335	.81909
3937.455689	.81981
3938.420042	.8203
3939.384396	.82079
3940.348750	.82125
3941.313103	.82097
3942.277457	.82031
3943.241810	.82054
3944.206164	.8218
3945.170517	.82324
3946.134871	.82418
3947.099225	.82413
3948.063578	.82343
3949.027932	.82304
3949.992285	.82338
3950.956639	.82403
3951.920993	.82425
3952.885346	.82407
3953.849700	.82394
3954.814053	.8235
3955.778407	.82259
3956.742761	.82187
3957.707114	.8217
3958.671468	.82171
3959.635821	.82131
3960.600175	.82038
3961.564528	.81967
3962.528882	.81961
3963.493236	.81953
3964.457589	.8192
3965.421943	.81898
3966.386296	.81869
3967.350650	.81823
3968.315004	.81781
3969.279357	.81741
3970.243711	.81701
3971.208064	.81671
3972.172418	.8163
3973.136771	.81554
3974.101125	.81445
3975.065479	.81331
3976.029832	.81243
3976.994186	.8118
3977.958539	.81114
3978.922893	.81015
3979.887247	.80877
3980.851600	.80733
3981.815954	.80581
3982.780307	.80401
3983.744661	.80244
3984.709015	.80147
3985.673368	.80064
3986.637722	.79953
3987.602075	.79814
3988.566429	.7967
3989.530782	.79566
3990.495136	.79523
3991.459490	.7949
3992.423843	.7943
3993.388197	.79378
3994.352550	.79381
3995.316904	.79436
3996.281258	.79507
3997.245611	.79584
3998.209965	.79682
3999.174318	.79783
4000.138672	.79879
