499.535156	.76062
500.499510	.76075
501.463863	.76272
502.428217	.76361
503.392571	.76235
504.356924	.76077
505.321278	.76038
506.285631	.7605
507.249985	.75986
508.214339	.75977
509.178692	.76126
510.143046	.7623
511.107399	.76211
512.071753	.76241
513.036106	.76346
514.000460	.76405
514.964814	.76391
515.929167	.76386
516.893521	.76453
517.857874	.76562
518.822228	.76648
519.786582	.76613
520.750935	.76485
521.715289	.765
522.679642	.76676
523.643996	.76715
524.608349	.76553
525.572703	.76488
526.537057	.76657
527.501410	.76884
528.465764	.76969
529.430117	.76831
530.394471	.76653
531.358825	.76672
532.323178	.76775
533.287532	.76754
534.251885	.76728
535.216239	.76896
536.180593	.77119
537.144946	.77213
538.109300	.77271
539.073653	.77329
540.038007	.77331
541.002360	.77346
541.966714	.77476
542.931068	.77743
543.895421	.77973
544.859775	.78031
545.824128	.78012
546.788482	.77947
547.752836	.77886
548.717189	.77934
549.681543	.77997
550.645896	.77963
551.610250	.77912
552.574603	.77962
553.538957	.78067
554.503311	.78197
555.467664	.78404
556.432018	.786
557.396371	.78666
558.360725	.78632
559.325079	.78644
560.289432	.78745
561.253786	.78824
562.218139	.78871
563.182493	.78928
564.146846	.78991
565.111200	.79079
566.075554	.79205
567.039907	.7931
568.004261	.79385
568.968614	.79518
569.932968	.79675
570.897322	.79741
571.861675	.79746
572.826029	.79787
573.790382	.79911
574.754736	.80128
575.719090	.80319
576.683443	.80279
577.647797	.80135
578.612150	.80186
579.576504	.80365
580.540857	.80433
581.505211	.80381
582.469565	.80388
583.433918	.80521
584.398272	.80659
585.362625	.80801
586.326979	.80965
587.291333	.81036
588.255686	.81058
589.220040	.81149
590.184393	.81259
591.148747	.81294
592.113100	.81253
593.077454	.81262
594.041808	.81366
595.006161	.81451
595.970515	.81474
596.934868	.81523
597.899222	.81663
598.863576	.8183
599.827929	.81906
600.792283	.81916
601.756636	.81969
602.720990	.82065
603.685343	.82151
604.649697	.8223
605.614051	.8231
606.578404	.82414
607.542758	.8257
608.507111	.82735
609.471465	.82816
610.435819	.828
611.400172	.82826
612.364526	.82946
613.328879	.83045
614.293233	.83128
615.257587	.83278
616.221940	.83411
617.186294	.83475
618.150647	.83548
619.115001	.83606
620.079354	.83646
621.043708	.83696
622.008062	.83702
622.972415	.83715
623.936769	.8384
624.901122	.84025
625.865476	.84163
626.829830	.84228
627.794183	.84222
628.758537	.84193
629.722890	.84233
630.687244	.84281
631.651597	.84267
632.615951	.84342
633.580305	.84548
634.544658	.84658
635.509012	.84604
636.473365	.84579
637.437719	.84634
638.402073	.84619
639.366426	.84522
640.330780	.84479
641.295133	.84505
642.259487	.84502
643.223841	.84451
644.188194	.84415
645.152548	.84408
646.116901	.8439
647.081255	.84356
648.045608	.84291
649.009962	.84224
649.974316	.84264
650.938669	.8435
651.903023	.84317
652.867376	.84209
653.831730	.84217
654.796084	.84353
655.760437	.84427
656.724791	.84387
657.689144	.8436
658.653498	.84419
659.617851	.84509
660.582205	.84538
661.546559	.84536
662.510912	.84604
663.475266	.8475
664.439619	.84879
665.403973	.84844
666.368327	.84113
667.332680	.81684
668.297034	.79544
669.261387	.81127
670.225741	.83077
671.190094	.8396
672.154448	.84146
673.118802	.8403
674.083155	.83842
675.047509	.83689
676.011862	.83535
676.976216	.83408
677.940570	.83356
678.904923	.83332
679.869277	.83289
680.833630	.83209
681.797984	.83107
682.762338	.83028
683.726691	.82967
684.691045	.82901
685.655398	.82825
686.619752	.82747
687.584105	.82697
688.548459	.827
689.512813	.82715
690.477166	.82681
691.441520	.82606
692.405873	.82561
693.370227	.82549
694.334581	.825
695.298934	.824
696.263288	.82303
697.227641	.82213
698.191995	.82075
699.156348	.81882
700.120702	.8164
701.085056	.81377
702.049409	.81128
703.013763	.80828
703.978116	.80473
704.942470	.80131
705.906824	.79734
706.871177	.79186
707.835531	.78545
708.799884	.77858
709.764238	.77033
710.728591	.75997
711.692945	.74775
712.657299	.73351
713.621652	.7158
714.586006	.69187
715.550359	.65717
716.514713	.60451
717.479067	.5278
718.443420	.44001
719.407774	.3879
720.372127	.41299
721.336481	.49337
722.300835	.5724
723.265188	.62466
724.229542	.65405
725.193895	.66671
726.158249	.66385
727.122602	.64312
728.086956	.59834
729.051310	.52947
730.015663	.46606
730.980017	.46054
731.944370	.52863
732.908724	.62461
733.873078	.69891
734.837431	.74161
735.801785	.76461
736.766138	.7778
737.730492	.78595
738.694845	.79142
739.659199	.79535
740.623553	.79829
741.587906	.80035
742.552260	.80128
743.516613	.80129
744.480967	.80124
745.445321	.80176
746.409674	.80249
747.374028	.80269
748.338381	.80217
749.302735	.80132
750.267088	.80066
751.231442	.80056
752.195796	.80057
753.160149	.79996
754.124503	.79908
755.088856	.79863
756.053210	.79851
757.017564	.79831
757.981917	.79795
758.946271	.79741
759.910624	.79672
760.874978	.79612
761.839332	.79561
762.803685	.79518
763.768039	.79516
764.732392	.79538
765.696746	.79529
766.661099	.79499
767.625453	.7947
768.589807	.79402
769.554160	.79321
770.518514	.79285
771.482867	.7926
772.447221	.79208
773.411575	.79156
774.375928	.79132
775.340282	.79117
776.304635	.79088
777.268989	.79041
778.233342	.78956
779.197696	.7884
780.162050	.78767
781.126403	.78746
782.090757	.78685
783.055110	.78585
784.019464	.78522
784.983818	.7849
785.948171	.78455
786.912525	.78407
787.876878	.78343
788.841232	.78288
789.805586	.78241
790.769939	.78154
791.734293	.78016
792.698646	.77877
793.663000	.77782
794.627353	.77702
795.591707	.77593
796.556061	.7748
797.520414	.77416
798.484768	.77399
799.449121	.7736
800.413475	.77304
801.377829	.77262
802.342182	.77215
803.306536	.77171
804.270889	.77105
805.235243	.77007
806.199596	.76949
807.163950	.76913
808.128304	.76835
809.092657	.76759
810.057011	.76734
811.021364	.76729
811.985718	.76694
812.950072	.76622
813.914425	.76555
814.878779	.76525
815.843132	.76523
816.807486	.76525
817.771839	.76511
818.736193	.76458
819.700547	.76379
820.664900	.76352
821.629254	.76383
822.593607	.76379
823.557961	.76313
824.522315	.7623
825.486668	.76153
826.451022	.76095
827.415375	.7609
828.379729	.76149
829.344083	.7621
830.308436	.76202
831.272790	.76136
832.237143	.76088
833.201497	.76091
834.165850	.76113
835.130204	.76097
836.094558	.76061
837.058911	.76054
838.023265	.76069
838.987618	.76072
839.951972	.76066
840.916326	.76067
841.880679	.7607
842.845033	.76077
843.809386	.76095
844.773740	.76087
845.738093	.7603
846.702447	.75989
847.666801	.76008
848.631154	.76042
849.595508	.7604
850.559861	.76018
851.524215	.76025
852.488569	.76069
853.452922	.76115
854.417276	.76097
855.381629	.76024
856.345983	.76005
857.310336	.76055
858.274690	.76091
859.239044	.7609
860.203397	.76098
861.167751	.76133
862.132104	.76156
863.096458	.76133
864.060812	.76094
865.025165	.76101
865.989519	.76156
866.953872	.76191
867.918226	.76186
868.882580	.76192
869.846933	.7624
870.811287	.76301
871.775640	.76322
872.739994	.76309
873.704347	.76315
874.668701	.76349
875.633055	.76369
876.597408	.76366
877.561762	.76378
878.526115	.76422
879.490469	.76476
880.454823	.76503
881.419176	.76459
882.383530	.76399
883.347883	.76384
884.312237	.76382
885.276590	.76411
886.240944	.7648
887.205298	.76509
888.169651	.76479
889.134005	.76473
890.098358	.76538
891.062712	.766
892.027066	.76619
892.991419	.76642
893.955773	.76669
894.920126	.76698
895.884480	.76738
896.848834	.76776
897.813187	.76833
898.777541	.76917
899.741894	.76967
900.706248	.76919
901.670601	.7681
902.634955	.76722
903.599309	.76636
904.563662	.76483
905.528016	.76271
906.492369	.76044
907.456723	.75842
908.421077	.75766
909.385430	.75888
910.349784	.76146
911.314137	.76453
912.278491	.76788
913.242844	.77096
914.207198	.77314
915.171552	.77476
916.135905	.77635
917.100259	.77772
918.064612	.77869
919.028966	.77946
919.993320	.78019
920.957673	.7808
921.922027	.78146
922.886380	.78229
923.850734	.78286
924.815087	.78306
925.779441	.78351
926.743795	.78438
927.708148	.78522
928.672502	.78562
929.636855	.78565
930.601209	.78589
931.565563	.78667
932.529916	.78728
933.494270	.78732
934.458623	.78751
935.422977	.78821
936.387331	.7889
937.351684	.78921
938.316038	.78929
939.280391	.78963
940.244745	.79027
941.209098	.79078
942.173452	.79092
943.137806	.79092
944.102159	.79119
945.066513	.79167
946.030866	.79207
946.995220	.79235
947.959574	.79263
948.923927	.79294
949.888281	.79323
950.852634	.79353
951.816988	.79365
952.781341	.79343
953.745695	.7931
954.710049	.79287
955.674402	.79271
956.638756	.79263
957.603109	.79244
958.567463	.79203
959.531817	.79173
960.496170	.79167
961.460524	.79172
962.424877	.79176
963.389231	.79174
964.353584	.79176
965.317938	.79203
966.282292	.79255
967.246645	.79292
968.210999	.79291
969.175352	.79283
970.139706	.79313
971.104060	.79387
972.068413	.7945
973.032767	.79481
973.997120	.79518
974.961474	.7956
975.925828	.79595
976.890181	.79633
977.854535	.79661
978.818888	.79685
979.783242	.79739
980.747595	.79808
981.711949	.79843
982.676303	.79852
983.640656	.79858
984.605010	.79844
985.569363	.79798
986.533717	.79744
987.498071	.79698
988.462424	.79647
989.426778	.79598
990.391131	.79575
991.355485	.79577
992.319838	.79611
993.284192	.79697
994.248546	.79815
995.212899	.79907
996.177253	.79955
997.141606	.79987
998.105960	.80011
999.070314	.80025
1000.034667	.80053
1000.999021	.80107
1001.963374	.80149
1002.927728	.80146
1003.892082	.80134
1004.856435	.80142
1005.820789	.8016
1006.785142	.80177
1007.749496	.80176
1008.713849	.80154
1009.678203	.80128
1010.642557	.80106
1011.606910	.80116
1012.571264	.80157
1013.535617	.80185
1014.499971	.80179
1015.464325	.80171
1016.428678	.80182
1017.393032	.80169
1018.357385	.80114
1019.321739	.80068
1020.286092	.80065
1021.250446	.80073
1022.214800	.80049
1023.179153	.80022
1024.143507	.80038
1025.107860	.80059
1026.072214	.80045
1027.036568	.80037
1028.000921	.80054
1028.965275	.80061
1029.929628	.80038
1030.893982	.80001
1031.858335	.79965
1032.822689	.79946
1033.787043	.79942
1034.751396	.79925
1035.715750	.7991
1036.680103	.79913
1037.644457	.799
1038.608811	.79842
1039.573164	.79763
1040.537518	.79707
1041.501871	.79693
1042.466225	.79683
1043.430579	.79635
1044.394932	.79575
1045.359286	.79529
1046.323639	.7949
1047.287993	.79438
1048.252346	.79329
1049.216700	.79151
1050.181054	.78989
1051.145407	.78936
1052.109761	.78987
1053.074114	.7907
1054.038468	.79112
1055.002822	.79097
1055.967175	.79081
1056.931529	.7909
1057.895882	.79087
1058.860236	.79026
1059.824589	.78923
1060.788943	.78847
1061.753297	.788
1062.717650	.78773
1063.682004	.78774
1064.646357	.78772
1065.610711	.7876
1066.575065	.78764
1067.539418	.78764
1068.503772	.78732
1069.468125	.78666
1070.432479	.78599
1071.396832	.78557
1072.361186	.78503
1073.325540	.78406
1074.289893	.78309
1075.254247	.78243
1076.218600	.78186
1077.182954	.78108
1078.147308	.78021
1079.111661	.7795
1080.076015	.77883
1081.040368	.77823
1082.004722	.778
1082.969076	.77815
1083.933429	.77864
1084.897783	.77942
1085.862136	.7802
1086.826490	.78063
1087.790843	.78069
1088.755197	.78069
1089.719551	.78069
1090.683904	.78063
1091.648258	.78065
1092.612611	.78074
1093.576965	.78071
1094.541319	.78063
1095.505672	.78069
1096.470026	.78086
1097.434379	.78109
1098.398733	.78128
1099.363086	.78118
1100.327440	.78098
1101.291794	.781
1102.256147	.78093
1103.220501	.78056
1104.184854	.78034
1105.149208	.78055
1106.113562	.78087
1107.077915	.78066
1108.042269	.77999
1109.006622	.77947
1109.970976	.7791
1110.935330	.77883
1111.899683	.7788
1112.864037	.77864
1113.828390	.77799
1114.792744	.77734
1115.757097	.77718
1116.721451	.77719
1117.685805	.77702
1118.650158	.7767
1119.614512	.7763
1120.578865	.77582
1121.543219	.77524
1122.507573	.77476
1123.471926	.77471
1124.436280	.77496
1125.400633	.77492
1126.364987	.77442
1127.329340	.774
1128.293694	.77382
1129.258048	.77353
1130.222401	.77303
1131.186755	.7726
1132.151108	.77239
1133.115462	.77226
1134.079816	.77199
1135.044169	.77173
1136.008523	.77172
1136.972876	.7717
1137.937230	.77145
1138.901583	.77109
1139.865937	.77077
1140.830291	.77058
1141.794644	.77059
1142.758998	.77058
1143.723351	.77033
1144.687705	.77004
1145.652059	.76994
1146.616412	.76996
1147.580766	.76996
1148.545119	.76976
1149.509473	.76931
1150.473827	.76873
1151.438180	.76825
1152.402534	.76812
1153.366887	.76824
1154.331241	.76821
1155.295594	.76786
1156.259948	.7675
1157.224302	.76725
1158.188655	.7669
1159.153009	.76663
1160.117362	.76666
1161.081716	.76668
1162.046070	.76642
1163.010423	.76614
1163.974777	.76626
1164.939130	.76658
1165.903484	.76658
1166.867837	.76631
1167.832191	.76621
1168.796545	.76629
1169.760898	.76609
1170.725252	.76568
1171.689605	.76543
1172.653959	.76515
1173.618313	.76438
1174.582666	.76293
1175.547020	.76136
1176.511373	.76073
1177.475727	.76142
1178.440080	.76266
1179.404434	.76368
1180.368788	.76416
1181.333141	.76403
1182.297495	.76353
1183.261848	.76309
1184.226202	.76287
1185.190556	.76273
1186.154909	.76252
1187.119263	.76227
1188.083616	.76224
1189.047970	.76244
1190.012324	.76253
1190.976677	.76251
1191.941031	.76262
1192.905384	.76307
1193.869738	.76359
1194.834091	.76386
1195.798445	.76411
1196.762799	.76451
1197.727152	.76477
1198.691506	.76483
1199.655859	.76504
1200.620213	.7654
1201.584567	.76547
1202.548920	.76535
1203.513274	.76542
1204.477627	.76539
1205.441981	.76502
1206.406334	.76478
1207.370688	.76479
1208.335042	.76486
1209.299395	.76491
1210.263749	.76494
1211.228102	.76516
1212.192456	.76573
1213.156810	.76628
1214.121163	.7665
1215.085517	.76664
1216.049870	.76699
1217.014224	.76728
1217.978578	.76737
1218.942931	.76746
1219.907285	.76756
1220.871638	.76757
1221.835992	.76759
1222.800345	.7677
1223.764699	.76785
1224.729053	.76797
1225.693406	.76787
1226.657760	.76761
1227.622113	.76758
1228.586467	.7678
1229.550821	.76791
1230.515174	.76791
1231.479528	.76807
1232.443881	.76828
1233.408235	.76832
1234.372588	.76823
1235.336942	.76816
1236.301296	.76819
1237.265649	.76832
1238.230003	.7686
1239.194356	.76885
1240.158710	.76898
1241.123064	.7692
1242.087417	.76946
1243.051771	.7695
1244.016124	.76941
1244.980478	.76938
1245.944831	.76927
1246.909185	.76903
1247.873539	.7689
1248.837892	.76912
1249.802246	.7695
1250.766599	.76975
1251.730953	.76985
1252.695307	.76988
1253.659660	.76992
1254.624014	.76996
1255.588367	.77004
1256.552721	.77004
1257.517075	.76992
1258.481428	.7698
1259.445782	.76971
1260.410135	.76957
1261.374489	.76939
1262.338842	.76922
1263.303196	.76925
1264.267550	.76965
1265.231903	.77009
1266.196257	.77017
1267.160610	.76991
1268.124964	.76949
1269.089318	.76921
1270.053671	.76929
1271.018025	.76957
1271.982378	.7697
1272.946732	.76958
1273.911085	.76937
1274.875439	.76919
1275.839793	.7691
1276.804146	.76918
1277.768500	.76937
1278.732853	.76946
1279.697207	.76939
1280.661561	.76928
1281.625914	.7692
1282.590268	.76899
1283.554621	.76867
1284.518975	.76843
1285.483328	.76825
1286.447682	.76805
1287.412036	.76778
1288.376389	.76746
1289.340743	.7671
1290.305096	.7666
1291.269450	.76598
1292.233804	.76551
1293.198157	.76517
1294.162511	.76464
1295.126864	.76394
1296.091218	.76331
1297.055572	.76272
1298.019925	.76219
1298.984279	.76193
1299.948632	.76189
1300.912986	.7619
1301.877339	.76183
1302.841693	.76157
1303.806047	.76135
1304.770400	.76151
1305.734754	.76178
1306.699107	.76173
1307.663461	.76132
1308.627815	.76072
1309.592168	.76034
1310.556522	.7604
1311.520875	.76079
1312.485229	.76139
1313.449582	.76195
1314.413936	.76229
1315.378290	.76274
1316.342643	.76355
1317.306997	.76446
1318.271350	.76533
1319.235704	.76601
1320.200058	.76633
1321.164411	.76656
1322.128765	.76702
1323.093118	.76768
1324.057472	.76829
1325.021825	.76869
1325.986179	.76896
1326.950533	.76925
1327.914886	.76952
1328.879240	.76956
1329.843593	.76941
1330.807947	.76929
1331.772301	.76908
1332.736654	.76849
1333.701008	.76767
1334.665361	.76708
1335.629715	.76681
1336.594069	.76631
1337.558422	.76546
1338.522776	.76477
1339.487129	.76401
1340.451483	.76227
1341.415836	.75986
1342.380190	.7579
1343.344544	.75654
1344.308897	.75532
1345.273251	.75395
1346.237604	.7524
1347.201958	.75089
1348.166312	.7495
1349.130665	.74803
1350.095019	.74646
1351.059372	.74513
1352.023726	.74436
1352.988079	.74424
1353.952433	.7446
1354.916787	.74493
1355.881140	.74486
1356.845494	.74465
1357.809847	.74441
1358.774201	.74399
1359.738555	.74373
1360.702908	.74356
1361.667262	.74301
1362.631615	.7417
1363.595969	.73882
1364.560323	.73507
1365.524676	.73214
1366.489030	.73029
1367.453383	.72934
1368.417737	.72923
1369.382090	.72976
1370.346444	.73126
1371.310798	.73409
1372.275151	.73836
1373.239505	.74322
1374.203858	.7464
1375.168212	.74708
1376.132566	.74696
1377.096919	.7476
1378.061273	.74906
1379.025626	.75084
1379.989980	.75281
1380.954333	.75479
1381.918687	.75647
1382.883041	.75762
1383.847394	.75832
1384.811748	.75916
1385.776101	.76124
1386.740455	.7641
1387.704809	.76441
1388.669162	.76168
1389.633516	.75952
1390.597869	.759
1391.562223	.75895
1392.526576	.76002
1393.490930	.76306
1394.455284	.76525
1395.419637	.76387
1396.383991	.76143
1397.348344	.76111
1398.312698	.76231
1399.277052	.76197
1400.241405	.75946
1401.205759	.75748
1402.170112	.75702
1403.134466	.75762
1404.098820	.75897
1405.063173	.75923
1406.027527	.75765
1406.991880	.7562
1407.956234	.75573
1408.920587	.75552
1409.884941	.75523
1410.849295	.75482
1411.813648	.75417
1412.778002	.7533
1413.742355	.75254
1414.706709	.75218
1415.671063	.75251
1416.635416	.7537
1417.599770	.75677
1418.564123	.76132
1419.528477	.76094
1420.492830	.75348
1421.457184	.747
1422.421538	.74493
1423.385891	.74419
1424.350245	.74171
1425.314598	.73762
1426.278952	.73381
1427.243306	.73056
1428.207659	.72775
1429.172013	.72507
1430.136366	.72063
1431.100720	.71442
1432.065073	.70872
1433.029427	.70411
1433.993781	.70034
1434.958134	.69998
1435.922488	.70305
1436.886841	.70138
1437.851195	.69243
1438.815549	.68472
1439.779902	.68107
1440.744256	.67876
1441.708609	.67664
1442.672963	.67471
1443.637317	.67296
1444.601670	.67129
1445.566024	.66993
1446.530377	.66956
1447.494731	.66882
1448.459084	.66499
1449.423438	.65881
1450.387792	.65264
1451.352145	.64568
1452.316499	.6357
1453.280852	.62267
1454.245206	.60933
1455.209560	.5995
1456.173913	.59143
1457.138267	.57515
1458.102620	.54493
1459.066974	.49793
1460.031327	.42482
1460.995681	.33052
1461.960035	.25475
1462.924388	.24383
1463.888742	.2931
1464.853095	.35489
1465.817449	.39272
1466.781803	.40798
1467.746156	.41564
1468.710510	.42195
1469.674863	.42214
1470.639217	.39919
1471.603571	.33554
1472.567924	.25995
1473.532278	.25521
1474.496631	.34765
1475.460985	.47625
1476.425338	.58044
1477.389692	.64072
1478.354046	.67197
1479.318399	.691
1480.282753	.70385
1481.247106	.7125
1482.211460	.71782
1483.175814	.72125
1484.140167	.72422
1485.104521	.72762
1486.068874	.73183
1487.033228	.73537
1487.997581	.73739
1488.961935	.73993
1489.926289	.74245
1490.890642	.74118
1491.854996	.73736
1492.819349	.73519
1493.783703	.73608
1494.748057	.74075
1495.712410	.74674
1496.676764	.74809
1497.641117	.74673
1498.605471	.74661
1499.569824	.74527
1500.534178	.74328
1501.498532	.74299
1502.462885	.74353
1503.427239	.74608
1504.391592	.75398
1505.355946	.76627
1506.320300	.77424
1507.284653	.77092
1508.249007	.76235
1509.213360	.75609
1510.177714	.75314
1511.142068	.75285
1512.106421	.75332
1513.070775	.75225
1514.035128	.7516
1514.999482	.75359
1515.963835	.75735
1516.928189	.75952
1517.892543	.75741
1518.856896	.75649
1519.821250	.76224
1520.785603	.76921
1521.749957	.76824
1522.714311	.76125
1523.678664	.75671
1524.643018	.75709
1525.607371	.75801
1526.571725	.75664
1527.536078	.75492
1528.500432	.75292
1529.464786	.75055
1530.429139	.74996
1531.393493	.75208
1532.357846	.75651
1533.322200	.75977
1534.286554	.75743
1535.250907	.75241
1536.215261	.75044
1537.179614	.75429
1538.143968	.76451
1539.108321	.77451
1540.072675	.77506
1541.037029	.7709
1542.001382	.76685
1542.965736	.76161
1543.930089	.75853
1544.894443	.75774
1545.858797	.75472
1546.823150	.75076
1547.787504	.74966
1548.751857	.75154
1549.716211	.75355
1550.680565	.75282
1551.644918	.75124
1552.609272	.75334
1553.573625	.75856
1554.537979	.76016
1555.502332	.75796
1556.466686	.76185
1557.431040	.77404
1558.395393	.78465
1559.359747	.78469
1560.324100	.77377
1561.288454	.76006
1562.252808	.75258
1563.217161	.75159
1564.181515	.75278
1565.145868	.75261
1566.110222	.75102
1567.074575	.75088
1568.038929	.75436
1569.003283	.75915
1569.967636	.75897
1570.931990	.75391
1571.896343	.7504
1572.860697	.74985
1573.825051	.75178
1574.789404	.75827
1575.753758	.76539
1576.718111	.76295
1577.682465	.75467
1578.646819	.75004
1579.611172	.74883
1580.575526	.74846
1581.539879	.74827
1582.504233	.74818
1583.468586	.74808
1584.432940	.74781
1585.397294	.74755
1586.361647	.74747
1587.326001	.74763
1588.290354	.74786
1589.254708	.74794
1590.219062	.74781
1591.183415	.74758
1592.147769	.7474
1593.112122	.74758
1594.076476	.74806
1595.040829	.74818
1596.005183	.74789
1596.969537	.74765
1597.933890	.7476
1598.898244	.74772
1599.862597	.74795
1600.826951	.7482
1601.791305	.74838
1602.755658	.74849
1603.720012	.74833
1604.684365	.74796
1605.648719	.74795
1606.613072	.74833
1607.577426	.74875
1608.541780	.74916
1609.506133	.7494
1610.470487	.74907
1611.434840	.74853
1612.399194	.74828
1613.363548	.74846
1614.327901	.75045
1615.292255	.75679
1616.256608	.76375
1617.220962	.76163
1618.185316	.75374
1619.149669	.74943
1620.114023	.74882
1621.078376	.74989
1622.042730	.75302
1623.007083	.75636
1623.971437	.7554
1624.935791	.75163
1625.900144	.75035
1626.864498	.75185
1627.828851	.75252
1628.793205	.75078
1629.757559	.74898
1630.721912	.74838
1631.686266	.7482
1632.650619	.74903
1633.614973	.75396
1634.579326	.76307
1635.543680	.76691
1636.508034	.76068
1637.472387	.75306
1638.436741	.7481
1639.401094	.745
1640.365448	.74357
1641.329802	.74333
1642.294155	.74383
1643.258509	.74533
1644.222862	.74991
1645.187216	.75799
1646.151569	.7637
1647.115923	.76281
1648.080277	.75867
1649.044630	.75451
1650.008984	.75371
1650.973337	.76148
1651.937691	.77808
1652.902045	.7891
1653.866398	.78031
1654.830752	.76509
1655.795105	.75567
1656.759459	.75223
1657.723813	.75157
1658.688166	.75134
1659.652520	.75136
1660.616873	.75271
1661.581227	.75626
1662.545580	.75891
1663.509934	.75698
1664.474288	.75346
1665.438641	.75215
1666.402995	.7528
1667.367348	.75591
1668.331702	.76144
1669.296056	.76427
1670.260409	.76213
1671.224763	.75915
1672.189116	.75663
1673.153470	.7561
1674.117823	.76071
1675.082177	.76514
1676.046531	.76159
1677.010884	.75543
1677.975238	.75343
1678.939591	.75458
1679.903945	.75569
1680.868299	.7559
1681.832652	.75846
1682.797006	.76662
1683.761359	.77655
1684.725713	.77628
1685.690067	.76482
1686.654420	.75611
1687.618774	.75422
1688.583127	.75452
1689.547481	.75404
1690.511834	.75266
1691.476188	.75114
1692.440542	.75035
1693.404895	.75192
1694.369249	.75874
1695.333602	.76695
1696.297956	.76489
1697.262310	.75654
1698.226663	.7567
1699.191017	.76796
1700.155370	.77656
1701.119724	.76794
1702.084077	.7554
1703.048431	.75158
1704.012785	.75304
1704.977138	.75419
1705.941492	.75355
1706.905845	.7509
1707.870199	.74741
1708.834553	.74558
1709.798906	.74532
1710.763260	.74482
1711.727613	.74421
1712.691967	.74508
1713.656320	.74822
1714.620674	.75162
1715.585028	.7545
1716.549381	.75953
1717.513735	.76378
1718.478088	.76059
1719.442442	.75342
1720.406796	.74895
1721.371149	.74785
1722.335503	.74822
1723.299856	.74854
1724.264210	.74816
1725.228564	.74752
1726.192917	.7472
1727.157271	.74729
1728.121624	.7481
1729.085978	.74964
1730.050331	.75023
1731.014685	.75009
1731.979039	.75372
1732.943392	.76262
1733.907746	.76855
1734.872099	.76266
1735.836453	.75249
1736.800807	.74748
1737.765160	.74786
1738.729514	.7512
1739.693867	.7531
1740.658221	.75051
1741.622574	.74798
1742.586928	.74837
1743.551282	.74856
1744.515635	.74749
1745.479989	.74724
1746.444342	.74836
1747.408696	.75006
1748.373050	.75123
1749.337403	.75235
1750.301757	.75511
1751.266110	.75628
1752.230464	.75231
1753.194817	.74779
1754.159171	.74652
1755.123525	.74798
1756.087878	.75054
1757.052232	.75105
1758.016585	.74908
1758.980939	.74767
1759.945293	.74892
1760.909646	.75227
1761.874000	.75352
1762.838353	.75067
1763.802707	.74768
1764.767061	.74679
1765.731414	.74729
1766.695768	.74969
1767.660121	.75251
1768.624475	.75208
1769.588828	.75066
1770.553182	.75317
1771.517536	.75836
1772.481889	.75966
1773.446243	.75481
1774.410596	.75008
1775.374950	.74851
1776.339304	.74756
1777.303657	.74665
1778.268011	.74679
1779.232364	.74776
1780.196718	.74849
1781.161071	.74775
1782.125425	.74629
1783.089779	.74631
1784.054132	.74802
1785.018486	.74887
1785.982839	.74777
1786.947193	.74675
1787.911547	.74675
1788.875900	.7475
1789.840254	.7493
1790.804607	.75246
1791.768961	.75577
1792.733315	.75559
1793.697668	.75152
1794.662022	.74832
1795.626375	.74747
1796.590729	.74699
1797.555082	.74686
1798.519436	.74807
1799.483790	.74939
1800.448143	.74947
1801.412497	.74888
1802.376850	.74781
1803.341204	.74622
1804.305558	.74506
1805.269911	.74462
1806.234265	.74456
1807.198618	.7446
1808.162972	.74453
1809.127325	.74478
1810.091679	.74535
1811.056033	.74524
1812.020386	.74423
1812.984740	.74316
1813.949093	.74238
1814.913447	.74181
1815.877801	.74151
1816.842154	.74138
1817.806508	.74106
1818.770861	.74056
1819.735215	.7403
1820.699568	.74041
1821.663922	.74081
1822.628276	.74154
1823.592629	.74326
1824.556983	.74561
1825.521336	.74594
1826.485690	.7441
1827.450044	.74347
1828.414397	.74567
1829.378751	.7484
1830.343104	.74794
1831.307458	.74498
1832.271812	.74308
1833.236165	.7427
1834.200519	.74271
1835.164872	.74279
1836.129226	.74288
1837.093579	.74279
1838.057933	.74258
1839.022287	.74251
1839.986640	.74266
1840.950994	.74294
1841.915347	.74419
1842.879701	.74788
1843.844055	.7514
1844.808408	.7497
1845.772762	.74542
1846.737115	.74355
1847.701469	.74327
1848.665822	.74288
1849.630176	.74253
1850.594530	.74231
1851.558883	.74208
1852.523237	.74199
1853.487590	.7419
1854.451944	.74171
1855.416298	.74168
1856.380651	.74182
1857.345005	.74191
1858.309358	.74193
1859.273712	.74185
1860.238065	.74169
1861.202419	.7415
1862.166773	.74137
1863.131126	.74137
1864.095480	.7414
1865.059833	.74164
1866.024187	.74244
1866.988541	.74392
1867.952894	.74575
1868.917248	.74645
1869.881601	.74465
1870.845955	.74185
1871.810309	.74021
1872.774662	.73984
1873.739016	.7399
1874.703369	.73987
1875.667723	.73972
1876.632076	.73964
1877.596430	.73961
1878.560784	.73952
1879.525137	.73935
1880.489491	.73925
1881.453844	.73924
1882.418198	.73916
1883.382552	.73902
1884.346905	.73885
1885.311259	.73851
1886.275612	.73809
1887.239966	.73807
1888.204319	.73877
1889.168673	.73918
1890.133027	.73802
1891.097380	.73621
1892.061734	.73513
1893.026087	.73464
1893.990441	.73449
1894.954795	.73443
1895.919148	.73401
1896.883502	.73343
1897.847855	.73316
1898.812209	.73322
1899.776562	.73343
1900.740916	.73366
1901.705270	.73371
1902.669623	.73366
1903.633977	.73386
1904.598330	.73421
1905.562684	.73449
1906.527038	.73482
1907.491391	.73531
1908.455745	.73579
1909.420098	.73601
1910.384452	.73573
1911.348806	.73534
1912.313159	.73539
1913.277513	.73553
1914.241866	.73549
1915.206220	.73571
1916.170573	.73692
1917.134927	.73889
1918.099281	.7394
1919.063634	.73776
1920.027988	.73625
1920.992341	.73616
1921.956695	.73702
1922.921049	.73766
1923.885402	.73726
1924.849756	.73649
1925.814109	.73606
1926.778463	.73592
1927.742816	.73597
1928.707170	.73603
1929.671524	.73597
1930.635877	.73601
1931.600231	.73622
1932.564584	.73637
1933.528938	.73636
1934.493292	.73635
1935.457645	.7363
1936.421999	.73616
1937.386352	.73611
1938.350706	.73622
1939.315060	.73624
1940.279413	.7365
1941.243767	.73754
1942.208120	.73841
1943.172474	.73783
1944.136827	.73674
1945.101181	.73632
1946.065535	.73612
1947.029888	.73572
1947.994242	.73545
1948.958595	.73551
1949.922949	.73567
1950.887303	.73559
1951.851656	.73528
1952.816010	.73504
1953.780363	.73502
1954.744717	.73506
1955.709070	.73497
1956.673424	.73474
1957.637778	.73448
1958.602131	.7344
1959.566485	.73447
1960.530838	.73447
1961.495192	.73434
1962.459546	.73427
1963.423899	.73432
1964.388253	.7344
1965.352606	.73477
1966.316960	.73546
1967.281313	.73579
1968.245667	.7353
1969.210021	.73461
1970.174374	.73448
1971.138728	.73475
1972.103081	.73486
1973.067435	.73479
1974.031789	.73478
1974.996142	.73471
1975.960496	.73452
1976.924849	.73434
1977.889203	.73422
1978.853557	.73426
1979.817910	.73436
1980.782264	.73431
1981.746617	.73422
1982.710971	.73413
1983.675324	.73406
1984.639678	.73401
1985.604032	.73386
1986.568385	.73369
1987.532739	.73369
1988.497092	.73361
1989.461446	.73332
1990.425800	.73345
1991.390153	.73392
1992.354507	.73382
1993.318860	.73313
1994.283214	.73247
1995.247567	.73193
1996.211921	.73152
1997.176275	.73132
1998.140628	.73125
1999.104982	.73116
2000.069335	.7309
2001.033689	.73056
2001.998043	.73035
2002.962396	.73009
2003.926750	.72961
2004.891103	.72913
2005.855457	.72875
2006.819810	.72834
2007.784164	.7278
2008.748518	.72716
2009.712871	.72638
2010.677225	.72546
2011.641578	.72442
2012.605932	.7232
2013.570286	.72187
2014.534639	.72065
2015.498993	.71978
2016.463346	.7193
2017.427700	.71893
2018.392054	.7185
2019.356407	.71825
2020.320761	.71834
2021.285114	.71863
2022.249468	.71901
2023.213821	.71956
2024.178175	.72015
2025.142529	.7207
2026.106882	.72138
2027.071236	.72202
2028.035589	.72237
2028.999943	.7226
2029.964297	.72293
2030.928650	.72323
2031.893004	.72341
2032.857357	.72352
2033.821711	.7237
2034.786064	.72397
2035.750418	.72424
2036.714772	.72437
2037.679125	.72443
2038.643479	.72462
2039.607832	.72501
2040.572186	.72541
2041.536540	.72562
2042.500893	.72566
2043.465247	.72565
2044.429600	.72576
2045.393954	.72596
2046.358308	.72606
2047.322661	.726
2048.287015	.72604
2049.251368	.72628
2050.215722	.7265
2051.180075	.72648
2052.144429	.72627
2053.108783	.72622
2054.073136	.72639
2055.037490	.72651
2056.001843	.72649
2056.966197	.72651
2057.930551	.72659
2058.894904	.72659
2059.859258	.72654
2060.823611	.72664
2061.787965	.72679
2062.752318	.72691
2063.716672	.72712
2064.681026	.72728
2065.645379	.72714
2066.609733	.72683
2067.574086	.72664
2068.538440	.72669
2069.502794	.72687
2070.467147	.72692
2071.431501	.72677
2072.395854	.72658
2073.360208	.72651
2074.324561	.7265
2075.288915	.72641
2076.253269	.72628
2077.217622	.72634
2078.181976	.72663
2079.146329	.72678
2080.110683	.72666
2081.075037	.72657
2082.039390	.72662
2083.003744	.72667
2083.968097	.72668
2084.932451	.72664
2085.896805	.7265
2086.861158	.72632
2087.825512	.72613
2088.789865	.72611
2089.754219	.72634
2090.718572	.72653
2091.682926	.72652
2092.647280	.72647
2093.611633	.72649
2094.575987	.72642
2095.540340	.7262
2096.504694	.7261
2097.469048	.72612
2098.433401	.726
2099.397755	.72579
2100.362108	.72581
2101.326462	.72596
2102.290815	.72592
2103.255169	.72568
2104.219523	.72562
2105.183876	.72578
2106.148230	.72577
2107.112583	.72553
2108.076937	.72527
2109.041291	.72516
2110.005644	.72524
2110.969998	.72546
2111.934351	.72566
2112.898705	.72568
2113.863058	.72543
2114.827412	.72507
2115.791766	.72492
2116.756119	.72501
2117.720473	.72502
2118.684826	.72487
2119.649180	.7247
2120.613534	.72454
2121.577887	.72448
2122.542241	.72453
2123.506594	.7246
2124.470948	.72468
2125.435302	.72468
2126.399655	.72451
2127.364009	.72437
2128.328362	.72432
2129.292716	.72414
2130.257069	.72388
2131.221423	.72375
2132.185777	.72364
2133.150130	.72346
2134.114484	.72324
2135.078837	.72306
2136.043191	.72293
2137.007545	.72281
2137.971898	.72278
2138.936252	.72272
2139.900605	.72241
2140.864959	.72193
2141.829312	.72166
2142.793666	.72176
2143.758020	.72188
2144.722373	.72164
2145.686727	.72127
2146.651080	.72115
2147.615434	.72119
2148.579788	.72124
2149.544141	.7213
2150.508495	.72141
2151.472848	.72145
2152.437202	.72127
2153.401556	.72108
2154.365909	.72102
2155.330263	.72098
2156.294616	.72097
2157.258970	.72114
2158.223323	.72125
2159.187677	.72116
2160.152031	.72111
2161.116384	.72119
2162.080738	.72126
2163.045091	.72129
2164.009445	.72128
2164.973799	.72123
2165.938152	.72116
2166.902506	.7212
2167.866859	.72132
2168.831213	.72132
2169.795566	.72118
2170.759920	.72115
2171.724274	.72123
2172.688627	.72129
2173.652981	.72128
2174.617334	.7212
2175.581688	.72105
2176.546042	.72096
2177.510395	.72102
2178.474749	.72109
2179.439102	.72097
2180.403456	.72078
2181.367809	.72075
2182.332163	.72076
2183.296517	.72063
2184.260870	.72053
2185.225224	.72054
2186.189577	.72047
2187.153931	.72034
2188.118285	.72027
2189.082638	.72025
2190.046992	.72025
2191.011345	.72021
2191.975699	.72016
2192.940053	.72011
2193.904406	.72004
2194.868760	.71994
2195.833113	.71981
2196.797467	.7198
2197.761820	.72001
2198.726174	.72021
2199.690528	.72015
2200.654881	.71997
2201.619235	.71994
2202.583588	.71997
2203.547942	.71982
2204.512296	.71965
2205.476649	.71968
2206.441003	.71974
2207.405356	.71958
2208.369710	.71934
2209.334063	.7193
2210.298417	.7194
2211.262771	.71938
2212.227124	.71924
2213.191478	.71906
2214.155831	.71891
2215.120185	.71888
2216.084539	.71888
2217.048892	.71869
2218.013246	.71842
2218.977599	.71817
2219.941953	.71799
2220.906306	.71795
2221.870660	.71802
2222.835014	.71806
2223.799367	.71799
2224.763721	.71789
2225.728074	.71792
2226.692428	.71811
2227.656782	.71826
2228.621135	.71829
2229.585489	.71837
2230.549842	.71845
2231.514196	.71831
2232.478550	.71807
2233.442903	.71796
2234.407257	.71787
2235.371610	.71763
2236.335964	.71721
2237.300317	.71667
2238.264671	.71611
2239.229025	.71555
2240.193378	.71512
2241.157732	.71492
2242.122085	.71479
2243.086439	.71456
2244.050793	.71441
2245.015146	.71442
2245.979500	.71446
2246.943853	.71451
2247.908207	.71462
2248.872560	.71479
2249.836914	.71502
2250.801268	.71512
2251.765621	.71496
2252.729975	.71483
2253.694328	.71485
2254.658682	.71484
2255.623036	.71476
2256.587389	.71475
2257.551743	.71483
2258.516096	.71486
2259.480450	.71465
2260.444804	.71425
2261.409157	.714
2262.373511	.71416
2263.337864	.71427
2264.302218	.71401
2265.266571	.71369
2266.230925	.71346
2267.195279	.71318
2268.159632	.71296
2269.123986	.71285
2270.088339	.7126
2271.052693	.71228
2272.017047	.71217
2272.981400	.71214
2273.945754	.712
2274.910107	.7118
2275.874461	.71172
2276.838814	.7119
2277.803168	.71214
2278.767522	.71223
2279.731875	.7123
2280.696229	.7125
2281.660582	.71264
2282.624936	.71278
2283.589290	.71292
2284.553643	.71285
2285.517997	.71264
2286.482350	.71238
2287.446704	.71202
2288.411057	.71147
2289.375411	.711
2290.339765	.71066
2291.304118	.71031
2292.268472	.70995
2293.232825	.70957
2294.197179	.70921
2295.161533	.70873
2296.125886	.70814
2297.090240	.70757
2298.054593	.70698
2299.018947	.70628
2299.983301	.70544
2300.947654	.70453
2301.912008	.70361
2302.876361	.70284
2303.840715	.70214
2304.805068	.70124
2305.769422	.70014
2306.733776	.69885
2307.698129	.69742
2308.662483	.69582
2309.626836	.69422
2310.591190	.69273
2311.555544	.69127
2312.519897	.68983
2313.484251	.68853
2314.448604	.6877
2315.412958	.68695
2316.377311	.6857
2317.341665	.68388
2318.306019	.68142
2319.270372	.67878
2320.234726	.67638
2321.199079	.67421
2322.163433	.6722
2323.127787	.67056
2324.092140	.66976
2325.056494	.66942
2326.020847	.66873
2326.985201	.66745
2327.949554	.66587
2328.913908	.66413
2329.878262	.66241
2330.842615	.66128
2331.806969	.66104
2332.771322	.66128
2333.735676	.66167
2334.700030	.66198
2335.664383	.66123
2336.628737	.65991
2337.593090	.6594
2338.557444	.6589
2339.521798	.65755
2340.486151	.65652
2341.450505	.65647
2342.414858	.65648
2343.379212	.65625
2344.343565	.65646
2345.307919	.65813
2346.272273	.66211
2347.236626	.66854
2348.200980	.6756
2349.165333	.67914
2350.129687	.67698
2351.094041	.67141
2352.058394	.66605
2353.022748	.66187
2353.987101	.65801
2354.951455	.65448
2355.915808	.65193
2356.880162	.64999
2357.844516	.64818
2358.808869	.64695
2359.773223	.6465
2360.737576	.6463
2361.701930	.64655
2362.666284	.64766
2363.630637	.64935
2364.594991	.65126
2365.559344	.6533
2366.523698	.65568
2367.488052	.65847
2368.452405	.66133
2369.416759	.664
2370.381112	.66681
2371.345466	.67009
2372.309819	.67347
2373.274173	.67672
2374.238527	.67996
2375.202880	.68321
2376.167234	.6864
2377.131587	.68971
2378.095941	.69326
2379.060295	.69686
2380.024648	.70034
2380.989002	.7036
2381.953355	.70637
2382.917709	.70857
2383.882062	.71028
2384.846416	.71151
2385.810770	.71233
2386.775123	.71285
2387.739477	.71329
2388.703830	.71361
2389.668184	.71362
2390.632538	.71346
2391.596891	.71336
2392.561245	.71341
2393.525598	.71359
2394.489952	.71358
2395.454305	.71324
2396.418659	.7129
2397.383013	.71272
2398.347366	.7125
2399.311720	.71226
2400.276073	.71213
2401.240427	.71199
2402.204781	.71179
2403.169134	.71159
2404.133488	.71143
2405.097841	.71138
2406.062195	.71129
2407.026549	.71101
2407.990902	.71071
2408.955256	.71052
2409.919609	.71041
2410.883963	.71027
2411.848316	.71001
2412.812670	.70955
2413.777024	.7091
2414.741377	.70898
2415.705731	.70906
2416.670084	.70902
2417.634438	.70889
2418.598792	.70895
2419.563145	.70914
2420.527499	.70922
2421.491852	.70925
2422.456206	.70931
2423.420559	.70941
2424.384913	.70956
2425.349267	.70966
2426.313620	.70974
2427.277974	.70992
2428.242327	.71003
2429.206681	.70994
2430.171035	.70978
2431.135388	.70974
2432.099742	.70981
2433.064095	.70999
2434.028449	.71013
2434.992802	.71008
2435.957156	.70992
2436.921510	.70983
2437.885863	.70983
2438.850217	.70984
2439.814570	.70985
2440.778924	.70996
2441.743278	.71005
2442.707631	.71004
2443.671985	.70998
2444.636338	.70992
2445.600692	.70979
2446.565046	.70955
2447.529399	.70929
2448.493753	.70914
2449.458106	.70912
2450.422460	.70911
2451.386813	.70908
2452.351167	.70911
2453.315521	.70914
2454.279874	.70904
2455.244228	.70888
2456.208581	.70881
2457.172935	.70869
2458.137289	.70837
2459.101642	.70817
2460.065996	.70809
2461.030349	.70787
2461.994703	.70759
2462.959056	.70737
2463.923410	.70714
2464.887764	.7069
2465.852117	.70679
2466.816471	.70663
2467.780824	.70621
2468.745178	.70579
2469.709532	.70547
2470.673885	.70507
2471.638239	.70462
2472.602592	.70429
2473.566946	.70404
2474.531300	.70392
2475.495653	.70398
2476.460007	.70417
2477.424360	.70439
2478.388714	.70443
2479.353067	.70415
2480.317421	.70383
2481.281775	.70371
2482.246128	.70363
2483.210482	.70345
2484.174835	.70319
2485.139189	.70294
2486.103543	.70269
2487.067896	.70248
2488.032250	.70249
2488.996603	.7027
2489.960957	.70267
2490.925310	.70232
2491.889664	.70206
2492.854018	.70206
2493.818371	.70202
2494.782725	.70174
2495.747078	.70143
2496.711432	.70128
2497.675786	.70121
2498.640139	.70115
2499.604493	.70115
2500.568846	.70106
2501.533200	.70077
2502.497553	.70041
2503.461907	.70018
2504.426261	.7001
2505.390614	.70003
2506.354968	.69992
2507.319321	.69979
2508.283675	.69968
2509.248029	.69949
2510.212382	.69917
2511.176736	.69892
2512.141089	.69882
2513.105443	.6986
2514.069797	.69809
2515.034150	.69753
2515.998504	.69719
2516.962857	.69691
2517.927211	.69657
2518.891564	.69626
2519.855918	.69589
2520.820272	.69539
2521.784625	.69485
2522.748979	.69426
2523.713332	.69368
2524.677686	.69318
2525.642040	.69277
2526.606393	.69259
2527.570747	.69276
2528.535100	.69303
2529.499454	.69313
2530.463807	.69325
2531.428161	.69356
2532.392515	.69398
2533.356868	.69441
2534.321222	.69468
2535.285575	.69475
2536.249929	.6948
2537.214283	.69482
2538.178636	.69476
2539.142990	.6947
2540.107343	.69467
2541.071697	.69458
2542.036050	.69434
2543.000404	.69383
2543.964758	.69313
2544.929111	.69256
2545.893465	.69226
2546.857818	.69196
2547.822172	.69165
2548.786526	.69155
2549.750879	.69151
2550.715233	.69123
2551.679586	.69093
2552.643940	.69093
2553.608294	.69102
2554.572647	.6909
2555.537001	.69065
2556.501354	.69047
2557.465708	.69052
2558.430061	.69059
2559.394415	.69026
2560.358769	.68975
2561.323122	.68947
2562.287476	.68945
2563.251829	.68949
2564.216183	.68936
2565.180537	.68895
2566.144890	.68854
2567.109244	.68841
2568.073597	.68842
2569.037951	.68826
2570.002304	.68791
2570.966658	.68755
2571.931012	.68731
2572.895365	.68727
2573.859719	.68714
2574.824072	.68672
2575.788426	.68635
2576.752780	.68615
2577.717133	.6859
2578.681487	.68548
2579.645840	.685
2580.610194	.68462
2581.574547	.68433
2582.538901	.68403
2583.503255	.68362
2584.467608	.68306
2585.431962	.68247
2586.396315	.68208
2587.360669	.68178
2588.325023	.68133
2589.289376	.6808
2590.253730	.68047
2591.218083	.68017
2592.182437	.67967
2593.146791	.67909
2594.111144	.67856
2595.075498	.67808
2596.039851	.6776
2597.004205	.67716
2597.968558	.67681
2598.932912	.67642
2599.897266	.67598
2600.861619	.67569
2601.825973	.67548
2602.790326	.67503
2603.754680	.6744
2604.719034	.6739
2605.683387	.67353
2606.647741	.67311
2607.612094	.67269
2608.576448	.67231
2609.540801	.67178
2610.505155	.67098
2611.469509	.6702
2612.433862	.66968
2613.398216	.66913
2614.362569	.66841
2615.326923	.66769
2616.291277	.66687
2617.255630	.66588
2618.219984	.66497
2619.184337	.66428
2620.148691	.66366
2621.113045	.66306
2622.077398	.6625
2623.041752	.66179
2624.006105	.66087
2624.970459	.65994
2625.934812	.65916
2626.899166	.6584
2627.863520	.65754
2628.827873	.65662
2629.792227	.65571
2630.756580	.6549
2631.720934	.6542
2632.685288	.65364
2633.649641	.65333
2634.613995	.65305
2635.578348	.6527
2636.542702	.65254
2637.507055	.65259
2638.471409	.65264
2639.435763	.65285
2640.400116	.65322
2641.364470	.65345
2642.328823	.65351
2643.293177	.6536
2644.257531	.65387
2645.221884	.65412
2646.186238	.65399
2647.150591	.65363
2648.114945	.65332
2649.079298	.6531
2650.043652	.65302
2651.008006	.65295
2651.972359	.6527
2652.936713	.65235
2653.901066	.65198
2654.865420	.65163
2655.829774	.65135
2656.794127	.65112
2657.758481	.65083
2658.722834	.65051
2659.687188	.65032
2660.651542	.65026
2661.615895	.65029
2662.580249	.65038
2663.544602	.65046
2664.508956	.65064
2665.473309	.6509
2666.437663	.65114
2667.402017	.65141
2668.366370	.65171
2669.330724	.652
2670.295077	.65233
2671.259431	.6528
2672.223785	.6534
2673.188138	.65392
2674.152492	.65427
2675.116845	.6545
2676.081199	.65463
2677.045552	.65474
2678.009906	.65494
2678.974260	.65524
2679.938613	.65556
2680.902967	.65587
2681.867320	.65609
2682.831674	.6561
2683.796028	.65608
2684.760381	.65612
2685.724735	.65618
2686.689088	.65636
2687.653442	.65655
2688.617795	.6566
2689.582149	.65663
2690.546503	.65675
2691.510856	.65692
2692.475210	.65697
2693.439563	.65683
2694.403917	.65674
2695.368271	.65675
2696.332624	.65668
2697.296978	.65659
2698.261331	.6565
2699.225685	.65624
2700.190039	.65581
2701.154392	.65534
2702.118746	.65484
2703.083099	.65432
2704.047453	.65381
2705.011806	.65338
2705.976160	.65315
2706.940514	.653
2707.904867	.65253
2708.869221	.652
2709.833574	.65185
2710.797928	.65187
2711.762282	.65171
2712.726635	.65137
2713.690989	.65102
2714.655342	.65078
2715.619696	.65054
2716.584049	.65026
2717.548403	.64997
2718.512757	.64969
2719.477110	.64939
2720.441464	.64899
2721.405817	.64846
2722.370171	.64801
2723.334525	.64783
2724.298878	.64764
2725.263232	.64715
2726.227585	.64645
2727.191939	.64567
2728.156293	.64494
2729.120646	.6444
2730.085000	.64408
2731.049353	.64379
2732.013707	.64339
2732.978060	.64298
2733.942414	.64249
2734.906768	.6419
2735.871121	.6414
2736.835475	.64099
2737.799828	.64057
2738.764182	.6402
2739.728536	.6399
2740.692889	.63972
2741.657243	.63979
2742.621596	.63985
2743.585950	.63967
2744.550303	.63948
2745.514657	.63959
2746.479011	.63986
2747.443364	.63991
2748.407718	.63965
2749.372071	.63935
2750.336425	.63917
2751.300779	.63884
2752.265132	.63834
2753.229486	.63787
2754.193839	.6373
2755.158193	.63669
2756.122546	.63624
2757.086900	.63582
2758.051254	.63532
2759.015607	.63479
2759.979961	.63421
2760.944314	.63349
2761.908668	.63255
2762.873022	.63172
2763.837375	.63125
2764.801729	.63074
2765.766082	.62991
2766.730436	.62905
2767.694790	.62835
2768.659143	.62753
2769.623497	.6265
2770.587850	.62553
2771.552204	.62468
2772.516557	.62374
2773.480911	.62256
2774.445265	.62131
2775.409618	.62021
2776.373972	.61907
2777.338325	.61787
2778.302679	.61667
2779.267033	.61531
2780.231386	.6139
2781.195740	.61249
2782.160093	.61088
2783.124447	.60914
2784.088800	.60748
2785.053154	.6057
2786.017508	.60365
2786.981861	.60151
2787.946215	.59933
2788.910568	.59695
2789.874922	.59463
2790.839276	.59253
2791.803629	.5902
2792.767983	.5876
2793.732336	.58529
2794.696690	.58323
2795.661043	.58105
2796.625397	.57889
2797.589751	.57678
2798.554104	.57454
2799.518458	.57212
2800.482811	.56956
2801.447165	.56704
2802.411519	.56476
2803.375872	.56262
2804.340226	.56015
2805.304579	.55727
2806.268933	.55445
2807.233287	.5518
2808.197640	.54904
2809.161994	.54608
2810.126347	.54306
2811.090701	.53999
2812.055054	.53657
2813.019408	.53277
2813.983762	.52893
2814.948115	.52503
2815.912469	.52097
2816.876822	.51668
2817.841176	.51202
2818.805530	.50705
2819.769883	.50193
2820.734237	.49661
2821.698590	.49089
2822.662944	.48459
2823.627297	.4779
2824.591651	.47077
2825.556005	.46285
2826.520358	.45433
2827.484712	.44545
2828.449065	.43586
2829.413419	.42543
2830.377773	.41451
2831.342126	.40314
2832.306480	.39072
2833.270833	.37676
2834.235187	.36109
2835.199541	.34328
2836.163894	.32285
2837.128248	.2997
2838.092601	.27366
2839.056955	.2443
2840.021308	.21141
2840.985662	.17546
2841.950016	.13783
2842.914369	.10067
2843.878723	.06691
2844.843076	.039627
2845.807430	.020442
2846.771784	.0088154
2847.736137	.0029948
2848.700491	.0009973
2849.664844	.0009544
2850.629198	.0018378
2851.593551	.0031001
2852.557905	.0048817
2853.522259	.0081675
2854.486612	.014244
2855.450966	.023965
2856.415319	.037733
2857.379673	.055883
2858.344027	.078392
2859.308380	.10459
2860.272734	.13297
2861.237087	.16175
2862.201441	.1897
2863.165794	.21586
2864.130148	.23914
2865.094502	.25907
2866.058855	.27582
2867.023209	.28926
2867.987562	.29932
2868.951916	.30649
2869.916270	.31124
2870.880623	.31364
2871.844977	.31368
2872.809330	.31149
2873.773684	.3071
2874.738038	.30053
2875.702391	.29218
2876.666745	.28243
2877.631098	.27134
2878.595452	.25908
2879.559805	.24608
2880.524159	.23287
2881.488513	.21984
2882.452866	.20726
2883.417220	.19524
2884.381573	.18371
2885.345927	.17263
2886.310281	.16206
2887.274634	.152
2888.238988	.14243
2889.203341	.13337
2890.167695	.12484
2891.132048	.11687
2892.096402	.1095
2893.060756	.10258
2894.025109	.096038
2894.989463	.090066
2895.953816	.08468
2896.918170	.079648
2897.882524	.074846
2898.846877	.070309
2899.811231	.066082
2900.775584	.062142
2901.739938	.058294
2902.704291	.054247
2903.668645	.049947
2904.632999	.045521
2905.597352	.040915
2906.561706	.036011
2907.526059	.030818
2908.490413	.025517
2909.454767	.0203
2910.419120	.015163
2911.383474	.010277
2912.347827	.0062275
2913.312181	.0035172
2914.276535	.0019704
2915.240888	.0010866
2916.205242	.0006818
2917.169595	.000723
2918.133949	.0009734
2919.098302	.0011501
2920.062656	.0011613
2921.027010	.0009593
2921.991363	.0006273
2922.955717	.0005465
2923.920070	.0008176
2924.884424	.0008943
2925.848778	.0007921
2926.813131	.0011392
2927.777485	.0020384
2928.741838	.0033953
2929.706192	.0053003
2930.670545	.0081537
2931.634899	.012358
2932.599253	.018275
2933.563606	.026254
2934.527960	.036642
2935.492313	.049615
2936.456667	.065083
2937.421021	.08295
2938.385374	.10327
2939.349728	.12602
2940.314081	.15072
2941.278435	.17661
2942.242789	.20311
2943.207142	.22972
2944.171496	.25571
2945.135849	.28061
2946.100203	.30418
2947.064556	.32602
2948.028910	.34572
2948.993264	.36309
2949.957617	.37861
2950.921971	.39286
2951.886324	.4058
2952.850678	.41759
2953.815032	.42897
2954.779385	.44016
2955.743739	.45094
2956.708092	.46143
2957.672446	.47163
2958.636799	.48143
2959.601153	.49107
2960.565507	.50055
2961.529860	.50955
2962.494214	.51793
2963.458567	.52582
2964.422921	.53347
2965.387275	.54102
2966.351628	.54825
2967.315982	.55482
2968.280335	.56087
2969.244689	.56682
2970.209042	.57275
2971.173396	.57837
2972.137750	.58329
2973.102103	.58751
2974.066457	.59144
2975.030810	.59539
2975.995164	.59926
2976.959518	.60273
2977.923871	.60581
2978.888225	.6089
2979.852578	.61205
2980.816932	.6149
2981.781286	.61724
2982.745639	.61941
2983.709993	.62177
2984.674346	.62404
2985.638700	.62597
2986.603053	.62786
2987.567407	.62964
2988.531761	.63096
2989.496114	.63212
2990.460468	.63349
2991.424821	.63497
2992.389175	.63627
2993.353529	.63733
2994.317882	.63819
2995.282236	.63876
2996.246589	.63912
2997.210943	.63966
2998.175296	.64048
2999.139650	.6414
3000.104004	.64219
3001.068357	.64272
3002.032711	.64314
3002.997064	.6437
3003.961418	.64433
3004.925772	.64481
3005.890125	.6452
3006.854479	.64575
3007.818832	.64654
3008.783186	.64729
3009.747539	.64775
3010.711893	.64798
3011.676247	.64836
3012.640600	.64902
3013.604954	.64962
3014.569307	.64987
3015.533661	.64996
3016.498015	.65021
3017.462368	.65053
3018.426722	.65055
3019.391075	.65029
3020.355429	.65026
3021.319783	.65072
3022.284136	.6514
3023.248490	.65183
3024.212843	.65191
3025.177197	.65199
3026.141550	.65221
3027.105904	.65233
3028.070258	.65234
3029.034611	.65255
3029.998965	.65311
3030.963318	.65379
3031.927672	.65423
3032.892026	.65455
3033.856379	.65497
3034.820733	.65531
3035.785086	.65557
3036.749440	.65596
3037.713793	.65652
3038.678147	.65727
3039.642501	.6582
3040.606854	.65898
3041.571208	.65937
3042.535561	.65977
3043.499915	.66056
3044.464269	.66144
3045.428622	.66198
3046.392976	.6622
3047.357329	.66263
3048.321683	.66345
3049.286037	.66407
3050.250390	.66429
3051.214744	.66453
3052.179097	.66492
3053.143451	.66517
3054.107804	.66527
3055.072158	.66558
3056.036512	.66619
3057.000865	.66671
3057.965219	.66686
3058.929572	.66678
3059.893926	.66684
3060.858280	.66715
3061.822633	.66743
3062.786987	.66749
3063.751340	.66749
3064.715694	.66764
3065.680047	.66793
3066.644401	.66808
3067.608755	.66801
3068.573108	.66782
3069.537462	.66761
3070.501815	.66752
3071.466169	.66742
3072.430523	.66733
3073.394876	.66744
3074.359230	.66754
3075.323583	.6675
3076.287937	.66767
3077.252290	.66814
3078.216644	.66859
3079.180998	.6688
3080.145351	.66873
3081.109705	.66854
3082.074058	.66856
3083.038412	.66889
3084.002766	.6692
3084.967119	.66945
3085.931473	.66999
3086.895826	.67074
3087.860180	.6712
3088.824534	.67147
3089.788887	.67201
3090.753241	.67266
3091.717594	.67316
3092.681948	.67367
3093.646301	.67447
3094.610655	.6757
3095.575009	.67706
3096.539362	.67783
3097.503716	.67819
3098.468069	.67886
3099.432423	.67972
3100.396777	.68046
3101.361130	.68109
3102.325484	.6817
3103.289837	.68213
3104.254191	.68224
3105.218544	.68241
3106.182898	.68294
3107.147252	.68342
3108.111605	.68356
3109.075959	.6835
3110.040312	.68342
3111.004666	.68358
3111.969020	.68413
3112.933373	.68468
3113.897727	.68489
3114.862080	.685
3115.826434	.68513
3116.790787	.68524
3117.755141	.68531
3118.719495	.68535
3119.683848	.68532
3120.648202	.68525
3121.612555	.68524
3122.576909	.68532
3123.541263	.68543
3124.505616	.68559
3125.469970	.68568
3126.434323	.68566
3127.398677	.68572
3128.363031	.68571
3129.327384	.68558
3130.291738	.68562
3131.256091	.68581
3132.220445	.6858
3133.184798	.68556
3134.149152	.68543
3135.113506	.68537
3136.077859	.68521
3137.042213	.68528
3138.006566	.6856
3138.970920	.68569
3139.935274	.68558
3140.899627	.6856
3141.863981	.68557
3142.828334	.68528
3143.792688	.68499
3144.757041	.68488
3145.721395	.68495
3146.685749	.68516
3147.650102	.68531
3148.614456	.68536
3149.578809	.68546
3150.543163	.68555
3151.507517	.68558
3152.471870	.68559
3153.436224	.68546
3154.400577	.68532
3155.364931	.68534
3156.329284	.68538
3157.293638	.68526
3158.257992	.68507
3159.222345	.68489
3160.186699	.68466
3161.151052	.68456
3162.115406	.68467
3163.079760	.68488
3164.044113	.68521
3165.008467	.68543
3165.972820	.68529
3166.937174	.68507
3167.901528	.68496
3168.865881	.68488
3169.830235	.68481
3170.794588	.68485
3171.758942	.68502
3172.723295	.68491
3173.687649	.68453
3174.652003	.68451
3175.616356	.68478
3176.580710	.68479
3177.545063	.6847
3178.509417	.6848
3179.473771	.68474
3180.438124	.68438
3181.402478	.68414
3182.366831	.68418
3183.331185	.68438
3184.295538	.68454
3185.259892	.68444
3186.224246	.6842
3187.188599	.68409
3188.152953	.68416
3189.117306	.68415
3190.081660	.68388
3191.046014	.68363
3192.010367	.68371
3192.974721	.6837
3193.939074	.68341
3194.903428	.68342
3195.867782	.68368
3196.832135	.68368
3197.796489	.68353
3198.760842	.68358
3199.725196	.68378
3200.689549	.68381
3201.653903	.68365
3202.618257	.68351
3203.582610	.68344
3204.546964	.68334
3205.511317	.68324
3206.475671	.68323
3207.440025	.68335
3208.404378	.68338
3209.368732	.6831
3210.333085	.68272
3211.297439	.68264
3212.261792	.68303
3213.226146	.68344
3214.190500	.68332
3215.154853	.68287
3216.119207	.68263
3217.083560	.68268
3218.047914	.68276
3219.012268	.6827
3219.976621	.68252
3220.940975	.68228
3221.905328	.68217
3222.869682	.68236
3223.834035	.68257
3224.798389	.6825
3225.762743	.68239
3226.727096	.68238
3227.691450	.68227
3228.655803	.68219
3229.620157	.68231
3230.584511	.68239
3231.548864	.68231
3232.513218	.68215
3233.477571	.68203
3234.441925	.68207
3235.406279	.68213
3236.370632	.68206
3237.334986	.682
3238.299339	.68211
3239.263693	.68205
3240.228046	.68161
3241.192400	.6812
3242.156754	.68114
3243.121107	.68137
3244.085461	.68154
3245.049814	.68159
3246.014168	.6817
3246.978522	.68186
3247.942875	.68189
3248.907229	.68164
3249.871582	.68132
3250.835936	.68133
3251.800289	.68146
3252.764643	.68132
3253.728997	.68107
3254.693350	.68098
3255.657704	.68096
3256.622057	.68093
3257.586411	.68073
3258.550765	.68044
3259.515118	.68047
3260.479472	.68066
3261.443825	.6806
3262.408179	.68044
3263.372532	.68032
3264.336886	.68026
3265.301240	.68027
3266.265593	.68012
3267.229947	.67994
3268.194300	.67998
3269.158654	.68001
3270.123008	.67996
3271.087361	.6798
3272.051715	.67954
3273.016068	.67945
3273.980422	.6797
3274.944776	.67991
3275.909129	.67975
3276.873483	.67943
3277.837836	.67928
3278.802190	.67922
3279.766543	.67909
3280.730897	.67916
3281.695251	.67955
3282.659604	.67983
3283.623958	.67963
3284.588311	.67916
3285.552665	.67892
3286.517019	.67894
3287.481372	.67896
3288.445726	.67909
3289.410079	.67925
3290.374433	.6791
3291.338786	.67876
3292.303140	.67854
3293.267494	.67842
3294.231847	.67822
3295.196201	.67805
3296.160554	.67827
3297.124908	.6786
3298.089262	.67858
3299.053615	.67832
3300.017969	.67811
3300.982322	.67806
3301.946676	.67808
3302.911030	.67818
3303.875383	.6784
3304.839737	.67852
3305.804090	.67843
3306.768444	.67829
3307.732797	.67826
3308.697151	.67819
3309.661505	.67799
3310.625858	.6779
3311.590212	.67806
3312.554565	.67806
3313.518919	.67752
3314.483273	.67682
3315.447626	.67653
3316.411980	.67648
3317.376333	.67651
3318.340687	.6768
3319.305040	.67689
3320.269394	.6765
3321.233748	.67632
3322.198101	.67667
3323.162455	.67713
3324.126808	.67736
3325.091162	.67718
3326.055516	.67674
3327.019869	.67654
3327.984223	.67671
3328.948576	.67669
3329.912930	.67627
3330.877283	.67597
3331.841637	.67593
3332.805991	.67583
3333.770344	.67568
3334.734698	.67554
3335.699051	.67561
3336.663405	.67599
3337.627759	.67621
3338.592112	.67601
3339.556466	.67577
3340.520819	.67564
3341.485173	.67538
3342.449527	.67499
3343.413880	.67474
3344.378234	.67475
3345.342587	.67474
3346.306941	.6746
3347.271294	.67442
3348.235648	.67418
3349.200002	.67403
3350.164355	.67415
3351.128709	.67453
3352.093062	.67492
3353.057416	.67501
3354.021770	.67489
3354.986123	.67467
3355.950477	.6743
3356.914830	.67386
3357.879184	.67355
3358.843537	.67352
3359.807891	.67372
3360.772245	.6739
3361.736598	.67385
3362.700952	.67366
3363.665305	.67343
3364.629659	.6732
3365.594013	.6732
3366.558366	.67316
3367.522720	.67268
3368.487073	.67233
3369.451427	.67252
3370.415780	.67285
3371.380134	.67276
3372.344488	.67228
3373.308841	.67224
3374.273195	.67272
3375.237548	.67281
3376.201902	.67257
3377.166256	.67266
3378.130609	.6729
3379.094963	.67284
3380.059316	.67262
3381.023670	.67256
3381.988024	.67278
3382.952377	.6732
3383.916731	.67334
3384.881084	.67297
3385.845438	.67251
3386.809791	.67228
3387.774145	.67235
3388.738499	.67269
3389.702852	.67306
3390.667206	.6731
3391.631559	.67282
3392.595913	.67269
3393.560267	.67293
3394.524620	.67326
3395.488974	.67341
3396.453327	.67329
3397.417681	.67295
3398.382034	.67268
3399.346388	.67258
3400.310742	.67239
3401.275095	.6721
3402.239449	.67211
3403.203802	.67232
3404.168156	.6722
3405.132510	.67189
3406.096863	.67181
3407.061217	.67174
3408.025570	.67155
3408.989924	.67158
3409.954278	.67195
3410.918631	.67237
3411.882985	.67245
3412.847338	.67215
3413.811692	.67182
3414.776045	.67166
3415.740399	.67152
3416.704753	.67145
3417.669106	.67173
3418.633460	.67241
3419.597813	.6728
3420.562167	.67245
3421.526521	.67202
3422.490874	.67201
3423.455228	.67206
3424.419581	.67192
3425.383935	.67158
3426.348288	.67119
3427.312642	.67085
3428.276996	.67056
3429.241349	.67055
3430.205703	.67074
3431.170056	.67075
3432.134410	.67066
3433.098764	.67084
3434.063117	.67117
3435.027471	.6712
3435.991824	.67091
3436.956178	.67062
3437.920531	.67052
3438.884885	.67043
3439.849239	.6703
3440.813592	.67056
3441.777946	.671
3442.742299	.67108
3443.706653	.67106
3444.671007	.6713
3445.635360	.67171
3446.599714	.67184
3447.564067	.67133
3448.528421	.67077
3449.492775	.67064
3450.457128	.67061
3451.421482	.6704
3452.385835	.6702
3453.350189	.67015
3454.314542	.6702
3455.278896	.67037
3456.243250	.67059
3457.207603	.67051
3458.171957	.67011
3459.136310	.66995
3460.100664	.67025
3461.065018	.67058
3462.029371	.67074
3462.993725	.67077
3463.958078	.67056
3464.922432	.67031
3465.886785	.67031
3466.851139	.67044
3467.815493	.67045
3468.779846	.67034
3469.744200	.67028
3470.708553	.67034
3471.672907	.67027
3472.637261	.67006
3473.601614	.67004
3474.565968	.67017
3475.530321	.67022
3476.494675	.67025
3477.459028	.67028
3478.423382	.67009
3479.387736	.66988
3480.352089	.67007
3481.316443	.67059
3482.280796	.67095
3483.245150	.67067
3484.209504	.66998
3485.173857	.66965
3486.138211	.6698
3487.102564	.66996
3488.066918	.67
3489.031272	.67008
3489.995625	.67021
3490.959979	.67017
3491.924332	.66993
3492.888686	.66989
3493.853039	.67004
3494.817393	.66997
3495.781747	.66968
3496.746100	.66949
3497.710454	.66958
3498.674807	.66973
3499.639161	.66972
3500.603515	.66986
3501.567868	.6703
3502.532222	.67062
3503.496575	.67031
3504.460929	.6696
3505.425282	.66915
3506.389636	.6692
3507.353990	.66963
3508.318343	.67002
3509.282697	.66979
3510.247050	.66912
3511.211404	.66876
3512.175758	.66887
3513.140111	.66904
3514.104465	.66892
3515.068818	.66854
3516.033172	.66838
3516.997526	.66852
3517.961879	.66866
3518.926233	.66873
3519.890586	.66859
3520.854940	.66841
3521.819293	.66873
3522.783647	.66924
3523.748001	.66935
3524.712354	.66944
3525.676708	.66959
3526.641061	.66924
3527.605415	.66869
3528.569769	.66854
3529.534122	.66856
3530.498476	.66829
3531.462829	.66765
3532.427183	.66708
3533.391536	.66691
3534.355890	.6671
3535.320244	.66752
3536.284597	.66781
3537.248951	.66769
3538.213304	.66737
3539.177658	.66715
3540.142012	.66718
3541.106365	.6675
3542.070719	.66795
3543.035072	.66843
3543.999426	.66884
3544.963779	.66901
3545.928133	.66921
3546.892487	.66925
3547.856840	.66851
3548.821194	.66752
3549.785547	.66712
3550.749901	.66727
3551.714255	.66743
3552.678608	.66726
3553.642962	.66687
3554.607315	.66658
3555.571669	.6666
3556.536023	.66668
3557.500376	.66652
3558.464730	.66637
3559.429083	.6664
3560.393437	.66635
3561.357790	.66622
3562.322144	.66628
3563.286498	.66659
3564.250851	.66756
3565.215205	.66956
3566.179558	.67146
3567.143912	.67173
3568.108266	.66996
3569.072619	.66723
3570.036973	.66534
3571.001326	.66456
3571.965680	.66401
3572.930033	.66353
3573.894387	.66341
3574.858741	.66361
3575.823094	.66394
3576.787448	.66412
3577.751801	.6642
3578.716155	.66426
3579.680509	.66395
3580.644862	.66326
3581.609216	.66288
3582.573569	.66305
3583.537923	.66327
3584.502276	.66388
3585.466630	.66557
3586.430984	.66753
3587.395337	.66842
3588.359691	.66732
3589.324044	.66426
3590.288398	.66139
3591.252752	.66043
3592.217105	.66054
3593.181459	.66049
3594.145812	.66035
3595.110166	.66008
3596.074520	.6589
3597.038873	.65732
3598.003227	.65618
3598.967580	.65502
3599.931934	.65371
3600.896287	.65273
3601.860641	.65185
3602.824995	.65082
3603.789348	.65016
3604.753702	.65048
3605.718055	.65194
3606.682409	.65424
3607.646763	.65693
3608.611116	.65877
3609.575470	.65816
3610.539823	.65701
3611.504177	.65799
3612.468530	.65947
3613.432884	.65924
3614.397238	.65812
3615.361591	.65763
3616.325945	.65869
3617.290298	.66084
3618.254652	.6625
3619.219006	.66246
3620.183359	.66054
3621.147713	.65819
3622.112066	.65686
3623.076420	.65632
3624.040774	.65621
3625.005127	.65671
3625.969481	.65854
3626.933834	.66285
3627.898188	.66858
3628.862541	.67047
3629.826895	.66563
3630.791249	.65951
3631.755602	.65698
3632.719956	.65724
3633.684309	.65735
3634.648663	.65604
3635.613017	.65475
3636.577370	.65458
3637.541724	.65465
3638.506077	.65409
3639.470431	.65326
3640.434784	.65262
3641.399138	.65212
3642.363492	.65167
3643.327845	.65147
3644.292199	.65208
3645.256552	.6543
3646.220906	.65816
3647.185260	.66227
3648.149613	.66532
3649.113967	.66659
3650.078320	.66538
3651.042674	.66183
3652.007027	.6575
3652.971381	.65468
3653.935735	.65493
3654.900088	.65795
3655.864442	.66035
3656.828795	.65883
3657.793149	.65573
3658.757503	.65438
3659.721856	.6545
3660.686210	.65475
3661.650563	.65473
3662.614917	.65463
3663.579271	.65445
3664.543624	.65424
3665.507978	.65424
3666.472331	.655
3667.436685	.6575
3668.401038	.66171
3669.365392	.66587
3670.329746	.66654
3671.294099	.66235
3672.258453	.65847
3673.222806	.6602
3674.187160	.6668
3675.151514	.67155
3676.115867	.66838
3677.080221	.66165
3678.044574	.65798
3679.008928	.65699
3679.973281	.65609
3680.937635	.65495
3681.901989	.65434
3682.866342	.65423
3683.830696	.65423
3684.795049	.65427
3685.759403	.65568
3686.723757	.6602
3687.688110	.66524
3688.652464	.66518
3689.616817	.66192
3690.581171	.66016
3691.545524	.65827
3692.509878	.65537
3693.474232	.65345
3694.438585	.6526
3695.402939	.65213
3696.367292	.65185
3697.331646	.65158
3698.296000	.65149
3699.260353	.65228
3700.224707	.65425
3701.189060	.65601
3702.153414	.65562
3703.117768	.65372
3704.082121	.65229
3705.046475	.65169
3706.010828	.6517
3706.975182	.65279
3707.939535	.65527
3708.903889	.65792
3709.868243	.65991
3710.832596	.66245
3711.796950	.66395
3712.761303	.66133
3713.725657	.65756
3714.690011	.65584
3715.654364	.65487
3716.618718	.65401
3717.583071	.65416
3718.547425	.65464
3719.511778	.65445
3720.476132	.65464
3721.440486	.65561
3722.404839	.65562
3723.369193	.65462
3724.333546	.65448
3725.297900	.65543
3726.262254	.65563
3727.226607	.65417
3728.190961	.65252
3729.155314	.65238
3730.119668	.65468
3731.084022	.65872
3732.048375	.66099
3733.012729	.66075
3733.977082	.6617
3734.941436	.66408
3735.905789	.66435
3736.870143	.66151
3737.834497	.65788
3738.798850	.65559
3739.763204	.65496
3740.727557	.65523
3741.691911	.6571
3742.656265	.66379
3743.620618	.6734
3744.584972	.67452
3745.549325	.66542
3746.513679	.65948
3747.478032	.66129
3748.442386	.66662
3749.406740	.66884
3750.371093	.66807
3751.335447	.66851
3752.299800	.66646
3753.264154	.66024
3754.228508	.65584
3755.192861	.65504
3756.157215	.6554
3757.121568	.6554
3758.085922	.65598
3759.050275	.65709
3760.014629	.65632
3760.978983	.65395
3761.943336	.65246
3762.907690	.65241
3763.872043	.6535
3764.836397	.65515
3765.800751	.65552
3766.765104	.65429
3767.729458	.65423
3768.693811	.65626
3769.658165	.65719
3770.622519	.65508
3771.586872	.65241
3772.551226	.65123
3773.515579	.65106
3774.479933	.651
3775.444286	.65071
3776.408640	.6507
3777.372994	.65187
3778.337347	.65379
3779.301701	.65448
3780.266054	.65313
3781.230408	.65141
3782.194762	.65067
3783.159115	.65084
3784.123469	.65117
3785.087822	.65097
3786.052176	.65035
3787.016529	.64969
3787.980883	.64932
3788.945237	.6494
3789.909590	.64969
3790.873944	.64987
3791.838297	.6499
3792.802651	.64998
3793.767005	.65037
3794.731358	.65162
3795.695712	.65318
3796.660065	.65317
3797.624419	.65169
3798.588772	.65174
3799.553126	.65557
3800.517480	.661
3801.481833	.66176
3802.446187	.65653
3803.410540	.65152
3804.374894	.65032
3805.339248	.65295
3806.303601	.65648
3807.267955	.65555
3808.232308	.65079
3809.196662	.64767
3810.161016	.64705
3811.125369	.6471
3812.089723	.64718
3813.054076	.64781
3814.018430	.65083
3814.982783	.65605
3815.947137	.65791
3816.911491	.65367
3817.875844	.64971
3818.840198	.65085
3819.804551	.65565
3820.768905	.65872
3821.733259	.65617
3822.697612	.65115
3823.661966	.64828
3824.626319	.64805
3825.590673	.64879
3826.555026	.64874
3827.519380	.64766
3828.483734	.6469
3829.448087	.64764
3830.412441	.64962
3831.376794	.65066
3832.341148	.64969
3833.305502	.64947
3834.269855	.65103
3835.234209	.6526
3836.198562	.655
3837.162916	.65781
3838.127269	.65671
3839.091623	.65311
3840.055977	.65133
3841.020330	.65026
3841.984684	.64923
3842.949037	.64912
3843.913391	.64857
3844.877745	.647
3845.842098	.64597
3846.806452	.64584
3847.770805	.64602
3848.735159	.64652
3849.699513	.64839
3850.663866	.65291
3851.628220	.65955
3852.592573	.66664
3853.556927	.67008
3854.521280	.66385
3855.485634	.6537
3856.449988	.64851
3857.414341	.64691
3858.378695	.64583
3859.343048	.64553
3860.307402	.6466
3861.271756	.64756
3862.236109	.64739
3863.200463	.64813
3864.164816	.65024
3865.129170	.65022
3866.093523	.64727
3867.057877	.64572
3868.022231	.64843
3868.986584	.65281
3869.950938	.65298
3870.915291	.64858
3871.879645	.64578
3872.843999	.64661
3873.808352	.64767
3874.772706	.64627
3875.737059	.64395
3876.701413	.6428
3877.665767	.64323
3878.630120	.64555
3879.594474	.64822
3880.558827	.64808
3881.523181	.6456
3882.487534	.6441
3883.451888	.64513
3884.416242	.64797
3885.380595	.64934
3886.344949	.64678
3887.309302	.64353
3888.273656	.64269
3889.238010	.64407
3890.202363	.64661
3891.166717	.64759
3892.131070	.64552
3893.095424	.64313
3894.059777	.64208
3895.024131	.64154
3895.988485	.64157
3896.952838	.64281
3897.917192	.64519
3898.881545	.64717
3899.845899	.64765
3900.810253	.64781
3901.774606	.64819
3902.738960	.64842
3903.703313	.64817
3904.667667	.64641
3905.632020	.64374
3906.596374	.64167
3907.560728	.64039
3908.525081	.63981
3909.489435	.63971
3910.453788	.63961
3911.418142	.6393
3912.382496	.63899
3913.346849	.63916
3914.311203	.63997
3915.275556	.64133
3916.239910	.64264
3917.204264	.64292
3918.168617	.64253
3919.132971	.64254
3920.097324	.64216
3921.061678	.64094
3922.026031	.6403
3922.990385	.64075
3923.954739	.64135
3924.919092	.64128
3925.883446	.64055
3926.847799	.63994
3927.812153	.63998
3928.776507	.64025
3929.740860	.64054
3930.705214	.64141
3931.669567	.64248
3932.633921	.64225
3933.598274	.64101
3934.562628	.64038
3935.526982	.64055
3936.491335	.64075
3937.455689	.64079
3938.420042	.64079
3939.384396	.64078
3940.348750	.64095
3941.313103	.64166
3942.277457	.64265
3943.241810	.64286
3944.206164	.64212
3945.170517	.6417
3946.134871	.64219
3947.099225	.64268
3948.063578	.6427
3949.027932	.64266
3949.992285	.64243
3950.956639	.6418
3951.920993	.64135
3952.885346	.64132
3953.849700	.64127
3954.814053	.64106
3955.778407	.64094
3956.742761	.64097
3957.707114	.64104
3958.671468	.64122
3959.635821	.64144
3960.600175	.64153
3961.564528	.64141
3962.528882	.64106
3963.493236	.64066
3964.457589	.64021
3965.421943	.63989
3966.386296	.64001
3967.350650	.6403
3968.315004	.64051
3969.279357	.64065
3970.243711	.6404
3971.208064	.63985
3972.172418	.63976
3973.136771	.64002
3974.101125	.63972
3975.065479	.63912
3976.029832	.63906
3976.994186	.63929
3977.958539	.63929
3978.922893	.63927
3979.887247	.63937
3980.851600	.63947
3981.815954	.63944
3982.780307	.63921
3983.744661	.63899
3984.709015	.63901
3985.673368	.63914
3986.637722	.6392
3987.602075	.63922
3988.566429	.63944
3989.530782	.63992
3990.495136	.64023
3991.459490	.63988
3992.423843	.63927
3993.388197	.63917
3994.352550	.63941
3995.316904	.63957
3996.281258	.6396
3997.245611	.63955
3998.209965	.63952
3999.174318	.63956
4000.138672	.63957
