499.535156	.54509
500.499510	.54745
501.463863	.548
502.428217	.54773
503.392571	.54913
504.356924	.54996
505.321278	.54844
506.285631	.54482
507.249985	.53899
508.214339	.53034
509.178692	.51248
510.143046	.4717
511.107399	.39743
512.071753	.30281
513.036106	.22348
514.000460	.18037
514.964814	.16509
515.929167	.1627
516.893521	.16583
517.857874	.17096
518.822228	.17678
519.786582	.18324
520.750935	.19048
521.715289	.19878
522.679642	.2072
523.643996	.21447
524.608349	.22087
525.572703	.22732
526.537057	.23493
527.501410	.24399
528.465764	.25287
529.430117	.25995
530.394471	.26656
531.358825	.27423
532.323178	.28141
533.287532	.28787
534.251885	.29523
535.216239	.30349
536.180593	.31214
537.144946	.32066
538.109300	.32798
539.073653	.33405
540.038007	.34002
541.002360	.34651
541.966714	.35353
542.931068	.3609
543.895421	.36795
544.859775	.37496
545.824128	.38273
546.788482	.39014
547.752836	.39643
548.717189	.40361
549.681543	.41263
550.645896	.42203
551.610250	.43088
552.574603	.43888
553.538957	.44673
554.503311	.45608
555.467664	.46723
556.432018	.47888
557.396371	.48967
558.360725	.49972
559.325079	.51007
560.289432	.52112
561.253786	.5324
562.218139	.54465
563.182493	.55946
564.146846	.57565
565.111200	.59192
566.075554	.6104
567.039907	.632
568.004261	.65371
568.968614	.6734
569.932968	.69093
570.897322	.70722
571.861675	.72318
572.826029	.7372
573.790382	.74745
574.754736	.75582
575.719090	.76619
576.683443	.77817
577.647797	.78879
578.612150	.80122
579.576504	.81907
580.540857	.83981
581.505211	.86043
582.469565	.87942
583.433918	.89487
584.398272	.90605
585.362625	.91326
586.326979	.9174
587.291333	.92021
588.255686	.92258
589.220040	.92413
590.184393	.92436
591.148747	.92445
592.113100	.9265
593.077454	.92916
594.041808	.92932
595.006161	.92804
595.970515	.92825
596.934868	.92978
597.899222	.93089
598.863576	.9302
599.827929	.92858
600.792283	.92917
601.756636	.93147
602.720990	.932
603.685343	.9299
604.649697	.9272
605.614051	.92614
606.578404	.92644
607.542758	.92603
608.507111	.92393
609.471465	.92149
610.435819	.92082
611.400172	.92147
612.364526	.92077
613.328879	.918
614.293233	.91517
615.257587	.91354
616.221940	.91149
617.186294	.90717
618.150647	.90264
619.115001	.8995
620.079354	.89516
621.043708	.88821
622.008062	.87877
622.972415	.86711
623.936769	.85439
624.901122	.83943
625.865476	.81858
626.829830	.79051
627.794183	.75871
628.758537	.72933
629.722890	.70829
630.687244	.70141
631.651597	.71273
632.615951	.74104
633.580305	.77938
634.544658	.81758
635.509012	.84866
636.473365	.87177
637.437719	.88784
638.402073	.89793
639.366426	.90436
640.330780	.90988
641.295133	.91532
642.259487	.91869
643.223841	.91956
644.188194	.92047
645.152548	.92226
646.116901	.92352
647.081255	.92339
648.045608	.92271
649.009962	.92282
649.974316	.92371
650.938669	.92464
651.903023	.92508
652.867376	.92442
653.831730	.9235
654.796084	.92343
655.760437	.92256
656.724791	.9207
657.689144	.92014
658.653498	.92035
659.617851	.91999
660.582205	.91977
661.546559	.91984
662.510912	.91988
663.475266	.92012
664.439619	.92108
665.403973	.923
666.368327	.92399
667.332680	.91775
668.297034	.90006
669.261387	.90289
670.225741	.91224
671.190094	.91657
672.154448	.91788
673.118802	.9188
674.083155	.91847
675.047509	.91593
676.011862	.91291
676.976216	.91135
677.940570	.912
678.904923	.91334
679.869277	.9128
680.833630	.91038
681.797984	.90844
682.762338	.90798
683.726691	.90807
684.691045	.90822
685.655398	.90802
686.619752	.90652
687.584105	.90445
688.548459	.90358
689.512813	.90399
690.477166	.90463
691.441520	.9049
692.405873	.90505
693.370227	.90575
694.334581	.90662
695.298934	.90656
696.263288	.90546
697.227641	.90411
698.191995	.90329
699.156348	.90333
700.120702	.90339
701.085056	.90261
702.049409	.90205
703.013763	.90207
703.978116	.90158
704.942470	.90085
705.906824	.90029
706.871177	.89973
707.835531	.89937
708.799884	.89858
709.764238	.89691
710.728591	.89558
711.692945	.89532
712.657299	.89468
713.621652	.89325
714.586006	.89261
715.550359	.89322
716.514713	.89413
717.479067	.89379
718.443420	.89187
719.407774	.89053
720.372127	.89119
721.336481	.89228
722.300835	.89215
723.265188	.8914
724.229542	.89112
725.193895	.8909
726.158249	.89042
727.122602	.89038
728.086956	.89041
729.051310	.88967
730.015663	.88857
730.980017	.88771
731.944370	.88671
732.908724	.88504
733.873078	.88345
734.837431	.88328
735.801785	.885
736.766138	.88735
737.730492	.88777
738.694845	.88591
739.659199	.88428
740.623553	.88398
741.587906	.88356
742.552260	.88233
743.516613	.88146
744.480967	.88141
745.445321	.88152
746.409674	.88154
747.374028	.88137
748.338381	.88077
749.302735	.87956
750.267088	.87831
751.231442	.87783
752.195796	.87763
753.160149	.8766
754.124503	.87464
755.088856	.87288
756.053210	.87175
757.017564	.86989
757.981917	.86702
758.946271	.86482
759.910624	.8635
760.874978	.86223
761.839332	.86134
762.803685	.86066
763.768039	.85988
764.732392	.85987
765.696746	.86014
766.661099	.85998
767.625453	.86019
768.589807	.86058
769.554160	.86032
770.518514	.85996
771.482867	.8604
772.447221	.86177
773.411575	.86297
774.375928	.86262
775.340282	.8612
776.304635	.8601
777.268989	.85968
778.233342	.85953
779.197696	.85917
780.162050	.85825
781.126403	.8567
782.090757	.85506
783.055110	.85426
784.019464	.85391
784.983818	.85269
785.948171	.85078
786.912525	.8494
787.876878	.8483
788.841232	.84673
789.805586	.84508
790.769939	.84405
791.734293	.84355
792.698646	.84306
793.663000	.84183
794.627353	.83997
795.591707	.83872
796.556061	.83791
797.520414	.83679
798.484768	.83589
799.449121	.83496
800.413475	.8334
801.377829	.83196
802.342182	.83092
803.306536	.83029
804.270889	.83012
805.235243	.82987
806.199596	.82982
807.163950	.83032
808.128304	.83063
809.092657	.83079
810.057011	.83096
811.021364	.8306
811.985718	.83032
812.950072	.83102
813.914425	.83221
814.878779	.83292
815.843132	.83307
816.807486	.83303
817.771839	.83245
818.736193	.83124
819.700547	.83007
820.664900	.82927
821.629254	.82829
822.593607	.82682
823.557961	.82568
824.522315	.8253
825.486668	.82523
826.451022	.82492
827.415375	.82406
828.379729	.82307
829.344083	.82259
830.308436	.82305
831.272790	.82409
832.237143	.82408
833.201497	.82251
834.165850	.82054
835.130204	.81929
836.094558	.81879
837.058911	.81802
838.023265	.81688
838.987618	.81601
839.951972	.81529
840.916326	.81432
841.880679	.81272
842.845033	.81054
843.809386	.80894
844.773740	.80776
845.738093	.80553
846.702447	.80252
847.666801	.79963
848.631154	.79673
849.595508	.79393
850.559861	.79174
851.524215	.78985
852.488569	.78753
853.452922	.78487
854.417276	.78246
855.381629	.7808
856.345983	.77942
857.310336	.77733
858.274690	.77494
859.239044	.77289
860.203397	.77068
861.167751	.76791
862.132104	.76478
863.096458	.76137
864.060812	.7581
865.025165	.75504
865.989519	.75133
866.953872	.74715
867.918226	.74355
868.882580	.7406
869.846933	.7373
870.811287	.73349
871.775640	.73041
872.739994	.72811
873.704347	.72503
874.668701	.72095
875.633055	.71646
876.597408	.71121
877.561762	.7055
878.526115	.70039
879.490469	.69577
880.454823	.69048
881.419176	.68392
882.383530	.67677
883.347883	.66937
884.312237	.6613
885.276590	.65236
886.240944	.64228
887.205298	.63151
888.169651	.62103
889.134005	.61096
890.098358	.60112
891.062712	.59113
892.027066	.58121
892.991419	.57218
893.955773	.56363
894.920126	.5549
895.884480	.54578
896.848834	.53609
897.813187	.52628
898.777541	.51664
899.741894	.50686
900.706248	.49691
901.670601	.4874
902.634955	.47896
903.599309	.47101
904.563662	.46261
905.528016	.45378
906.492369	.44469
907.456723	.43513
908.421077	.42498
909.385430	.41442
910.349784	.40338
911.314137	.39127
912.278491	.3783
913.242844	.36513
914.207198	.35153
915.171552	.33728
916.135905	.32273
917.100259	.30795
918.064612	.2929
919.028966	.27802
919.993320	.26352
920.957673	.24901
921.922027	.23417
922.886380	.2193
923.850734	.20456
924.815087	.18976
925.779441	.17527
926.743795	.16166
927.708148	.14886
928.672502	.13706
929.636855	.12653
930.601209	.11674
931.565563	.10753
932.529916	.099236
933.494270	.091934
934.458623	.085516
935.422977	.079531
936.387331	.073911
937.351684	.06919
938.316038	.065325
939.280391	.062122
940.244745	.059431
941.209098	.056758
942.173452	.054097
943.137806	.051853
944.102159	.050278
945.066513	.049151
946.030866	.047805
946.995220	.046327
947.959574	.045304
948.923927	.044591
949.888281	.043652
950.852634	.042294
951.816988	.040949
952.781341	.040158
953.745695	.039758
954.710049	.039182
955.674402	.038275
956.638756	.037415
957.603109	.036674
958.567463	.03579
959.531817	.034788
960.496170	.033776
961.460524	.033085
962.424877	.032875
963.389231	.032616
964.353584	.032172
965.317938	.031788
966.282292	.031192
967.246645	.030198
968.210999	.029122
969.175352	.028458
970.139706	.02824
971.104060	.027792
972.068413	.027016
973.032767	.026658
973.997120	.026734
974.961474	.026661
975.925828	.026407
976.890181	.026015
977.854535	.025322
978.818888	.024733
979.783242	.024676
980.747595	.024665
981.711949	.024255
982.676303	.023647
983.640656	.02309
984.605010	.022783
985.569363	.022727
986.533717	.022585
987.498071	.022242
988.462424	.021871
989.426778	.021446
990.391131	.021143
991.355485	.021489
992.319838	.022076
993.284192	.021813
994.248546	.020885
995.212899	.020434
996.177253	.02061
997.141606	.020691
998.105960	.020486
999.070314	.020336
1000.034667	.020364
1000.999021	.020527
1001.963374	.020734
1002.927728	.020518
1003.892082	.019699
1004.856435	.019207
1005.820789	.019599
1006.785142	.020018
1007.749496	.019687
1008.713849	.01898
1009.678203	.018668
1010.642557	.018898
1011.606910	.019299
1012.571264	.019574
1013.535617	.019532
1014.499971	.019189
1015.464325	.018836
1016.428678	.018654
1017.393032	.018595
1018.357385	.018679
1019.321739	.018901
1020.286092	.019118
1021.250446	.019221
1022.214800	.019159
1023.179153	.01909
1024.143507	.019242
1025.107860	.019466
1026.072214	.019403
1027.036568	.019076
1028.000921	.018903
1028.965275	.01899
1029.929628	.019073
1030.893982	.018985
1031.858335	.018738
1032.822689	.018469
1033.787043	.018446
1034.751396	.018815
1035.715750	.019225
1036.680103	.019256
1037.644457	.019099
1038.608811	.018993
1039.573164	.018811
1040.537518	.018612
1041.501871	.018454
1042.466225	.018353
1043.430579	.018532
1044.394932	.018742
1045.359286	.01865
1046.323639	.018505
1047.287993	.018528
1048.252346	.018698
1049.216700	.018811
1050.181054	.018756
1051.145407	.018978
1052.109761	.019573
1053.074114	.01996
1054.038468	.020143
1055.002822	.02027
1055.967175	.020043
1056.931529	.019724
1057.895882	.019787
1058.860236	.020072
1059.824589	.020061
1060.788943	.019811
1061.753297	.019914
1062.717650	.020184
1063.682004	.020197
1064.646357	.020105
1065.610711	.020007
1066.575065	.02015
1067.539418	.020835
1068.503772	.021514
1069.468125	.021293
1070.432479	.020513
1071.396832	.020355
1072.361186	.02104
1073.325540	.021749
1074.289893	.021858
1075.254247	.021633
1076.218600	.021612
1077.182954	.021877
1078.147308	.022062
1079.111661	.02169
1080.076015	.021019
1081.040368	.020862
1082.004722	.02127
1082.969076	.021549
1083.933429	.021454
1084.897783	.02136
1085.862136	.021495
1086.826490	.021757
1087.790843	.021906
1088.755197	.021802
1089.719551	.021633
1090.683904	.021685
1091.648258	.022018
1092.612611	.022302
1093.576965	.022346
1094.541319	.022504
1095.505672	.02282
1096.470026	.022855
1097.434379	.022722
1098.398733	.022872
1099.363086	.023181
1100.327440	.023384
1101.291794	.023485
1102.256147	.023369
1103.220501	.022969
1104.184854	.022587
1105.149208	.022604
1106.113562	.023109
1107.077915	.023873
1108.042269	.024234
1109.006622	.023762
1109.970976	.023088
1110.935330	.02301
1111.899683	.023512
1112.864037	.023982
1113.828390	.023837
1114.792744	.023498
1115.757097	.023826
1116.721451	.024392
1117.685805	.024335
1118.650158	.024129
1119.614512	.024554
1120.578865	.025213
1121.543219	.025364
1122.507573	.025255
1123.471926	.025338
1124.436280	.025349
1125.400633	.025187
1126.364987	.025101
1127.329340	.025281
1128.293694	.025795
1129.258048	.026278
1130.222401	.026354
1131.186755	.026124
1132.151108	.025965
1133.115462	.026174
1134.079816	.026636
1135.044169	.026814
1136.008523	.026442
1136.972876	.02613
1137.937230	.026391
1138.901583	.026851
1139.865937	.027141
1140.830291	.027288
1141.794644	.027321
1142.758998	.027157
1143.723351	.026884
1144.687705	.026881
1145.652059	.027136
1146.616412	.027235
1147.580766	.027288
1148.545119	.027504
1149.509473	.027606
1150.473827	.027515
1151.438180	.027634
1152.402534	.028199
1153.366887	.028731
1154.331241	.028722
1155.295594	.028509
1156.259948	.028583
1157.224302	.028836
1158.188655	.028978
1159.153009	.028989
1160.117362	.028937
1161.081716	.028771
1162.046070	.028619
1163.010423	.02868
1163.974777	.028776
1164.939130	.02887
1165.903484	.029238
1166.867837	.029621
1167.832191	.029693
1168.796545	.02973
1169.760898	.029887
1170.725252	.030092
1171.689605	.030315
1172.653959	.030458
1173.618313	.030573
1174.582666	.030629
1175.547020	.030511
1176.511373	.030489
1177.475727	.030638
1178.440080	.030664
1179.404434	.030647
1180.368788	.030792
1181.333141	.030957
1182.297495	.030987
1183.261848	.031036
1184.226202	.031208
1185.190556	.03133
1186.154909	.031403
1187.119263	.031486
1188.083616	.031392
1189.047970	.031152
1190.012324	.031105
1190.976677	.03143
1191.941031	.031958
1192.905384	.032335
1193.869738	.032481
1194.834091	.032625
1195.798445	.032715
1196.762799	.032636
1197.727152	.032675
1198.691506	.03278
1199.655859	.032577
1200.620213	.032204
1201.584567	.032039
1202.548920	.03224
1203.513274	.032679
1204.477627	.0331
1205.441981	.03337
1206.406334	.033487
1207.370688	.033577
1208.335042	.033619
1209.299395	.033456
1210.263749	.033215
1211.228102	.033174
1212.192456	.033434
1213.156810	.033808
1214.121163	.033979
1215.085517	.03395
1216.049870	.034148
1217.014224	.034636
1217.978578	.034799
1218.942931	.034531
1219.907285	.034403
1220.871638	.03453
1221.835992	.034634
1222.800345	.034667
1223.764699	.034736
1224.729053	.034886
1225.693406	.035166
1226.657760	.035538
1227.622113	.035764
1228.586467	.035734
1229.550821	.035623
1230.515174	.035527
1231.479528	.035386
1232.443881	.035335
1233.408235	.035598
1234.372588	.036087
1235.336942	.036488
1236.301296	.03658
1237.265649	.036456
1238.230003	.036442
1239.194356	.036753
1240.158710	.037119
1241.123064	.037084
1242.087417	.036767
1243.051771	.036558
1244.016124	.03656
1244.980478	.036824
1245.944831	.037245
1246.909185	.037458
1247.873539	.037368
1248.837892	.037279
1249.802246	.037485
1250.766599	.03784
1251.730953	.037904
1252.695307	.037675
1253.659660	.037605
1254.624014	.037867
1255.588367	.038115
1256.552721	.038169
1257.517075	.038417
1258.481428	.038903
1259.445782	.039122
1260.410135	.039128
1261.374489	.039363
1262.338842	.039573
1263.303196	.039165
1264.267550	.038488
1265.231903	.038496
1266.196257	.039165
1267.160610	.039693
1268.124964	.03982
1269.089318	.039732
1270.053671	.039569
1271.018025	.039506
1271.982378	.039625
1272.946732	.039843
1273.911085	.039984
1274.875439	.039972
1275.839793	.039867
1276.804146	.039634
1277.768500	.039494
1278.732853	.039772
1279.697207	.040217
1280.661561	.040409
1281.625914	.040364
1282.590268	.040418
1283.554621	.040671
1284.518975	.040908
1285.483328	.040955
1286.447682	.040896
1287.412036	.040987
1288.376389	.041157
1289.340743	.041128
1290.305096	.041
1291.269450	.04109
1292.233804	.041381
1293.198157	.041461
1294.162511	.041265
1295.126864	.041279
1296.091218	.041688
1297.055572	.042069
1298.019925	.042041
1298.984279	.041794
1299.948632	.041777
1300.912986	.042
1301.877339	.042078
1302.841693	.041903
1303.806047	.041827
1304.770400	.042082
1305.734754	.042428
1306.699107	.042652
1307.663461	.042837
1308.627815	.043065
1309.592168	.043295
1310.556522	.043306
1311.520875	.043138
1312.485229	.043206
1313.449582	.043495
1314.413936	.043557
1315.378290	.043346
1316.342643	.043333
1317.306997	.043745
1318.271350	.044294
1319.235704	.044763
1320.200058	.045155
1321.164411	.045511
1322.128765	.045758
1323.093118	.045638
1324.057472	.045284
1325.021825	.045097
1325.986179	.044939
1326.950533	.04463
1327.914886	.044603
1328.879240	.045131
1329.843593	.04571
1330.807947	.046121
1331.772301	.04669
1332.736654	.047237
1333.701008	.047528
1334.665361	.047696
1335.629715	.047657
1336.594069	.047172
1337.558422	.046393
1338.522776	.045989
1339.487129	.04628
1340.451483	.046999
1341.415836	.047905
1342.380190	.048836
1343.344544	.049691
1344.308897	.05037
1345.273251	.050641
1346.237604	.050413
1347.201958	.049919
1348.166312	.049532
1349.130665	.049484
1350.095019	.049422
1351.059372	.049054
1352.023726	.049023
1352.988079	.04962
1353.952433	.050397
1354.916787	.051295
1355.881140	.052126
1356.845494	.052477
1357.809847	.052506
1358.774201	.052455
1359.738555	.052273
1360.702908	.051914
1361.667262	.05144
1362.631615	.051137
1363.595969	.051305
1364.560323	.051762
1365.524676	.052341
1366.489030	.053145
1367.453383	.054004
1368.417737	.054637
1369.382090	.055096
1370.346444	.055386
1371.310798	.055195
1372.275151	.054551
1373.239505	.05395
1374.203858	.053671
1375.168212	.053584
1376.132566	.053623
1377.096919	.053921
1378.061273	.054521
1379.025626	.055337
1379.989980	.056257
1380.954333	.056964
1381.918687	.057227
1382.883041	.057274
1383.847394	.05719
1384.811748	.056707
1385.776101	.055802
1386.740455	.054897
1387.704809	.054569
1388.669162	.054878
1389.633516	.055547
1390.597869	.056484
1391.562223	.057482
1392.526576	.058315
1393.490930	.058864
1394.455284	.059175
1395.419637	.059388
1396.383991	.059151
1397.348344	.058246
1398.312698	.05735
1399.277052	.056994
1400.241405	.056886
1401.205759	.056997
1402.170112	.057528
1403.134466	.058272
1404.098820	.058957
1405.063173	.059801
1406.027527	.060933
1406.991880	.061712
1407.956234	.06159
1408.920587	.060841
1409.884941	.06011
1410.849295	.05945
1411.813648	.058694
1412.778002	.058184
1413.742355	.058103
1414.706709	.058318
1415.671063	.058875
1416.635416	.059804
1417.599770	.060775
1418.564123	.061321
1419.528477	.061514
1420.492830	.061728
1421.457184	.061584
1422.421538	.060826
1423.385891	.059845
1424.350245	.059164
1425.314598	.058885
1426.278952	.058816
1427.243306	.058943
1428.207659	.059436
1429.172013	.060323
1430.136366	.061467
1431.100720	.062471
1432.065073	.062973
1433.029427	.063011
1433.993781	.062552
1434.958134	.061499
1435.922488	.060205
1436.886841	.059369
1437.851195	.059201
1438.815549	.059353
1439.779902	.059839
1440.744256	.060596
1441.708609	.061526
1442.672963	.062681
1443.637317	.063788
1444.601670	.064477
1445.566024	.064784
1446.530377	.064737
1447.494731	.064233
1448.459084	.063547
1449.423438	.062893
1450.387792	.062114
1451.352145	.061444
1452.316499	.061294
1453.280852	.061552
1454.245206	.061941
1455.209560	.062471
1456.173913	.063483
1457.138267	.06536
1458.102620	.067099
1459.066974	.067822
1460.031327	.06781
1460.995681	.067268
1461.960035	.066306
1462.924388	.065286
1463.888742	.064561
1464.853095	.064659
1465.817449	.0657
1466.781803	.06678
1467.746156	.067699
1468.710510	.068877
1469.674863	.070111
1470.639217	.070688
1471.603571	.070467
1472.567924	.070146
1473.532278	.070222
1474.496631	.06998
1475.460985	.069087
1476.425338	.06838
1477.389692	.068498
1478.354046	.069028
1479.318399	.069705
1480.282753	.070455
1481.247106	.071435
1482.211460	.072918
1483.175814	.074589
1484.140167	.07561
1485.104521	.075442
1486.068874	.074413
1487.033228	.07318
1487.997581	.072067
1488.961935	.070866
1489.926289	.06984
1490.890642	.070023
1491.854996	.070994
1492.819349	.071879
1493.783703	.072834
1494.748057	.073855
1495.712410	.074792
1496.676764	.075724
1497.641117	.076304
1498.605471	.076299
1499.569824	.075904
1500.534178	.075293
1501.498532	.074512
1502.462885	.073622
1503.427239	.072555
1504.391592	.071518
1505.355946	.07105
1506.320300	.071479
1507.284653	.073012
1508.249007	.07515
1509.213360	.077
1510.177714	.078246
1511.142068	.078657
1512.106421	.078088
1513.070775	.077106
1514.035128	.07633
1514.999482	.075419
1515.963835	.074007
1516.928189	.072987
1517.892543	.073461
1518.856896	.074244
1519.821250	.074493
1520.785603	.075066
1521.749957	.076735
1522.714311	.078548
1523.678664	.079679
1524.643018	.07987
1525.607371	.079275
1526.571725	.078504
1527.536078	.077685
1528.500432	.076871
1529.464786	.076309
1530.429139	.076044
1531.393493	.075992
1532.357846	.075916
1533.322200	.076368
1534.286554	.078007
1535.250907	.079804
1536.215261	.081023
1537.179614	.081338
1538.143968	.080533
1539.108321	.078892
1540.072675	.077533
1541.037029	.077093
1542.001382	.077146
1542.965736	.077136
1543.930089	.076873
1544.894443	.077056
1545.858797	.078239
1546.823150	.079821
1547.787504	.081262
1548.751857	.082202
1549.716211	.08268
1550.680565	.083303
1551.644918	.083745
1552.609272	.083239
1553.573625	.081833
1554.537979	.080314
1555.502332	.079174
1556.466686	.077809
1557.431040	.076075
1558.395393	.075286
1559.359747	.076952
1560.324100	.080179
1561.288454	.082659
1562.252808	.083904
1563.217161	.084592
1564.181515	.08512
1565.145868	.085352
1566.110222	.084939
1567.074575	.083901
1568.038929	.08247
1569.003283	.081112
1569.967636	.080915
1570.931990	.081634
1571.896343	.082164
1572.860697	.082609
1573.825051	.083137
1574.789404	.083465
1575.753758	.08394
1576.718111	.085424
1577.682465	.086885
1578.646819	.087485
1579.611172	.087353
1580.575526	.086645
1581.539879	.08548
1582.504233	.084294
1583.468586	.083671
1584.432940	.083673
1585.397294	.084089
1586.361647	.08481
1587.326001	.085697
1588.290354	.086667
1589.254708	.087702
1590.219062	.088571
1591.183415	.089033
1592.147769	.089167
1593.112122	.08903
1594.076476	.088568
1595.040829	.087825
1596.005183	.086972
1596.969537	.086247
1597.933890	.085756
1598.898244	.085621
1599.862597	.086009
1600.826951	.086867
1601.791305	.087926
1602.755658	.088884
1603.720012	.089655
1604.684365	.09023
1605.648719	.090579
1606.613072	.090767
1607.577426	.090641
1608.541780	.089972
1609.506133	.088985
1610.470487	.088205
1611.434840	.087812
1612.399194	.08761
1613.363548	.087641
1614.327901	.087883
1615.292255	.087921
1616.256608	.08835
1617.220962	.090308
1618.185316	.092004
1619.149669	.092514
1620.114023	.092515
1621.078376	.092205
1622.042730	.091239
1623.007083	.089846
1623.971437	.089012
1624.935791	.088679
1625.900144	.088297
1626.864498	.088254
1627.828851	.089155
1628.793205	.09067
1629.757559	.091928
1630.721912	.092792
1631.686266	.093471
1632.650619	.093833
1633.614973	.09346
1634.579326	.092056
1635.543680	.09043
1636.508034	.090178
1637.472387	.090446
1638.436741	.090428
1639.401094	.09034
1640.365448	.090533
1641.329802	.090977
1642.294155	.091464
1643.258509	.092045
1644.222862	.092682
1645.187216	.093221
1646.151569	.093543
1647.115923	.093606
1648.080277	.093924
1649.044630	.094449
1650.008984	.094285
1650.973337	.093032
1651.937691	.090779
1652.902045	.088729
1653.866398	.089692
1654.830752	.091633
1655.795105	.093049
1656.759459	.094071
1657.723813	.095094
1658.688166	.096161
1659.652520	.096896
1660.616873	.097252
1661.581227	.097137
1662.545580	.09642
1663.509934	.095928
1664.474288	.095971
1665.438641	.09578
1666.402995	.095134
1667.367348	.094212
1668.331702	.093146
1669.296056	.092759
1670.260409	.093592
1671.224763	.094848
1672.189116	.096191
1673.153470	.097175
1674.117823	.097289
1675.082177	.096871
1676.046531	.097018
1677.010884	.097581
1677.975238	.097619
1678.939591	.096903
1679.903945	.096023
1680.868299	.095418
1681.832652	.094572
1682.797006	.093048
1683.761359	.09195
1684.725713	.093804
1685.690067	.096797
1686.654420	.098391
1687.618774	.09897
1688.583127	.099253
1689.547481	.099536
1690.511834	.099583
1691.476188	.099349
1692.440542	.098895
1693.404895	.097932
1694.369249	.096314
1695.333602	.094861
1696.297956	.095292
1697.262310	.096372
1698.226663	.096552
1699.191017	.095889
1700.155370	.095594
1701.119724	.097956
1702.084077	.10017
1703.048431	.10089
1704.012785	.10055
1704.977138	.099788
1705.941492	.099178
1706.905845	.099062
1707.870199	.099031
1708.834553	.098586
1709.798906	.098054
1710.763260	.098098
1711.727613	.098567
1712.691967	.098735
1713.656320	.098623
1714.620674	.098923
1715.585028	.099602
1716.549381	.099919
1717.513735	.099834
1718.478088	.1003
1719.442442	.10116
1720.406796	.10127
1721.371149	.10056
1722.335503	.099738
1723.299856	.099322
1724.264210	.099249
1725.228564	.09942
1726.192917	.099914
1727.157271	.10054
1728.121624	.10092
1729.085978	.10122
1730.050331	.10199
1731.014685	.10286
1731.979039	.10296
1732.943392	.10221
1733.907746	.10117
1734.872099	.10093
1735.836453	.10134
1736.800807	.10136
1737.765160	.10048
1738.729514	.099388
1739.693867	.09944
1740.658221	.10045
1741.622574	.10109
1742.586928	.10153
1743.551282	.10243
1744.515635	.10347
1745.479989	.10393
1746.444342	.10378
1747.408696	.10332
1748.373050	.10262
1749.337403	.10181
1750.301757	.10102
1751.266110	.10047
1752.230464	.1006
1753.194817	.10117
1754.159171	.10165
1755.123525	.10189
1756.087878	.10226
1757.052232	.10307
1758.016585	.10412
1758.980939	.10513
1759.945293	.10565
1760.909646	.10533
1761.874000	.10474
1762.838353	.10457
1763.802707	.10428
1764.767061	.10368
1765.731414	.10308
1766.695768	.10255
1767.660121	.10237
1768.624475	.10271
1769.588828	.10293
1770.553182	.10274
1771.517536	.10264
1772.481889	.10353
1773.446243	.10529
1774.410596	.1065
1775.374950	.10682
1776.339304	.10674
1777.303657	.1064
1778.268011	.10552
1779.232364	.10417
1780.196718	.10297
1781.161071	.10265
1782.125425	.10305
1783.089779	.10343
1784.054132	.10382
1785.018486	.10469
1785.982839	.10588
1786.947193	.10686
1787.911547	.10746
1788.875900	.10778
1789.840254	.10773
1790.804607	.10708
1791.768961	.10598
1792.733315	.10511
1793.697668	.10481
1794.662022	.10447
1795.626375	.10404
1796.590729	.10404
1797.555082	.10449
1798.519436	.10498
1799.483790	.10537
1800.448143	.10594
1801.412497	.10673
1802.376850	.10753
1803.341204	.10827
1804.305558	.10868
1805.269911	.10843
1806.234265	.10768
1807.198618	.10702
1808.162972	.10655
1809.127325	.10589
1810.091679	.10521
1811.056033	.10499
1812.020386	.10534
1812.984740	.10612
1813.949093	.10706
1814.913447	.10782
1815.877801	.10837
1816.842154	.10895
1817.806508	.10955
1818.770861	.10979
1819.735215	.10952
1820.699568	.10887
1821.663922	.10811
1822.628276	.10742
1823.592629	.10661
1824.556983	.10569
1825.521336	.10556
1826.485690	.10639
1827.450044	.10704
1828.414397	.10709
1829.378751	.10723
1830.343104	.10816
1831.307458	.10921
1832.271812	.10975
1833.236165	.11001
1834.200519	.11009
1835.164872	.10974
1836.129226	.10893
1837.093579	.10796
1838.057933	.10727
1839.022287	.10711
1839.986640	.10736
1840.950994	.10767
1841.915347	.10781
1842.879701	.1079
1843.844055	.10836
1844.808408	.1094
1845.772762	.11029
1846.737115	.11066
1847.701469	.11087
1848.665822	.11088
1849.630176	.11027
1850.594530	.10947
1851.558883	.10912
1852.523237	.10886
1853.487590	.10848
1854.451944	.10831
1855.416298	.10838
1856.380651	.10871
1857.345005	.10933
1858.309358	.10995
1859.273712	.11056
1860.238065	.11125
1861.202419	.1117
1862.166773	.1118
1863.131126	.11169
1864.095480	.11125
1865.059833	.11045
1866.024187	.10957
1866.988541	.10878
1867.952894	.10809
1868.917248	.10794
1869.881601	.10878
1870.845955	.10981
1871.810309	.11036
1872.774662	.11081
1873.739016	.11161
1874.703369	.11243
1875.667723	.11284
1876.632076	.11294
1877.596430	.11283
1878.560784	.11231
1879.525137	.11145
1880.489491	.11067
1881.453844	.11027
1882.418198	.11019
1883.382552	.11019
1884.346905	.11016
1885.311259	.11033
1886.275612	.1109
1887.239966	.11164
1888.204319	.11221
1889.168673	.11281
1890.133027	.11353
1891.097380	.1138
1892.061734	.11339
1893.026087	.11264
1893.990441	.11183
1894.954795	.11122
1895.919148	.11103
1896.883502	.11106
1897.847855	.11104
1898.812209	.11111
1899.776562	.11142
1900.740916	.11202
1901.705270	.11276
1902.669623	.11334
1903.633977	.11363
1904.598330	.11381
1905.562684	.11395
1906.527038	.11393
1907.491391	.11359
1908.455745	.11306
1909.420098	.1125
1910.384452	.1119
1911.348806	.11152
1912.313159	.11161
1913.277513	.11199
1914.241866	.11237
1915.206220	.11275
1916.170573	.11302
1917.134927	.11312
1918.099281	.11351
1919.063634	.11416
1920.027988	.11434
1920.992341	.11393
1921.956695	.11333
1922.921049	.1129
1923.885402	.11281
1924.849756	.11286
1925.814109	.11275
1926.778463	.11253
1927.742816	.11247
1928.707170	.11281
1929.671524	.11348
1930.635877	.114
1931.600231	.11419
1932.564584	.11448
1933.528938	.11493
1934.493292	.11526
1935.457645	.11533
1936.421999	.11508
1937.386352	.11453
1938.350706	.11407
1939.315060	.11383
1940.279413	.11351
1941.243767	.11287
1942.208120	.1124
1943.172474	.11271
1944.136827	.11341
1945.101181	.11403
1946.065535	.11462
1947.029888	.11514
1947.994242	.11543
1948.958595	.11551
1949.922949	.11542
1950.887303	.11518
1951.851656	.1149
1952.816010	.11461
1953.780363	.11418
1954.744717	.11384
1955.709070	.11377
1956.673424	.11377
1957.637778	.11374
1958.602131	.11396
1959.566485	.11449
1960.530838	.11513
1961.495192	.11569
1962.459546	.11609
1963.423899	.11639
1964.388253	.1165
1965.352606	.1163
1966.316960	.1159
1967.281313	.11552
1968.245667	.11518
1969.210021	.11474
1970.174374	.11432
1971.138728	.1142
1972.103081	.11439
1973.067435	.11473
1974.031789	.11519
1974.996142	.11576
1975.960496	.11626
1976.924849	.11655
1977.889203	.11674
1978.853557	.11682
1979.817910	.11657
1980.782264	.11622
1981.746617	.1162
1982.710971	.11627
1983.675324	.11597
1984.639678	.11541
1985.604032	.11498
1986.568385	.11492
1987.532739	.11512
1988.497092	.11545
1989.461446	.11591
1990.425800	.11634
1991.390153	.11663
1992.354507	.11694
1993.318860	.11724
1994.283214	.11744
1995.247567	.11743
1996.211921	.11714
1997.176275	.11678
1998.140628	.1166
1999.104982	.11647
2000.069335	.11609
2001.033689	.11556
2001.998043	.11534
2002.962396	.11551
2003.926750	.11594
2004.891103	.11649
2005.855457	.11697
2006.819810	.11736
2007.784164	.11776
2008.748518	.11811
2009.712871	.11819
2010.677225	.11788
2011.641578	.11744
2012.605932	.11706
2013.570286	.11674
2014.534639	.11651
2015.498993	.11638
2016.463346	.11638
2017.427700	.11652
2018.392054	.11682
2019.356407	.1172
2020.320761	.11758
2021.285114	.11783
2022.249468	.11801
2023.213821	.11825
2024.178175	.11845
2025.142529	.1185
2026.106882	.11844
2027.071236	.11821
2028.035589	.11777
2028.999943	.11748
2029.964297	.11747
2030.928650	.1174
2031.893004	.11737
2032.857357	.1175
2033.821711	.11762
2034.786064	.11782
2035.750418	.11818
2036.714772	.11852
2037.679125	.11874
2038.643479	.11893
2039.607832	.11895
2040.572186	.11852
2041.536540	.11804
2042.500893	.11798
2043.465247	.11815
2044.429600	.11819
2045.393954	.11813
2046.358308	.11817
2047.322661	.11829
2048.287015	.11849
2049.251368	.11866
2050.215722	.11857
2051.180075	.1185
2052.144429	.11876
2053.108783	.11905
2054.073136	.11907
2055.037490	.11893
2056.001843	.1189
2056.966197	.11889
2057.930551	.11866
2058.894904	.11847
2059.859258	.11842
2060.823611	.11829
2061.787965	.11818
2062.752318	.11829
2063.716672	.1185
2064.681026	.11879
2065.645379	.11922
2066.609733	.11954
2067.574086	.11958
2068.538440	.11951
2069.502794	.1195
2070.467147	.11953
2071.431501	.11946
2072.395854	.11929
2073.360208	.1191
2074.324561	.11898
2075.288915	.1189
2076.253269	.11878
2077.217622	.11866
2078.181976	.11879
2079.146329	.11932
2080.110683	.11984
2081.075037	.11994
2082.039390	.11984
2083.003744	.11982
2083.968097	.11987
2084.932451	.11995
2085.896805	.11999
2086.861158	.11994
2087.825512	.11981
2088.789865	.11957
2089.754219	.11941
2090.718572	.11945
2091.682926	.11949
2092.647280	.11965
2093.611633	.12002
2094.575987	.1202
2095.540340	.12012
2096.504694	.12013
2097.469048	.12032
2098.433401	.12047
2099.397755	.12061
2100.362108	.12065
2101.326462	.12045
2102.290815	.12025
2103.255169	.1203
2104.219523	.12034
2105.183876	.12012
2106.148230	.11993
2107.112583	.12002
2108.076937	.1202
2109.041291	.12027
2110.005644	.12037
2110.969998	.12066
2111.934351	.12104
2112.898705	.12134
2113.863058	.1213
2114.827412	.12094
2115.791766	.12071
2116.756119	.12085
2117.720473	.12102
2118.684826	.12096
2119.649180	.12076
2120.613534	.12055
2121.577887	.12047
2122.542241	.1206
2123.506594	.1207
2124.470948	.1206
2125.435302	.12056
2126.399655	.12091
2127.364009	.12135
2128.328362	.1215
2129.292716	.12148
2130.257069	.12145
2131.221423	.12142
2132.185777	.12135
2133.150130	.12123
2134.114484	.12113
2135.078837	.12117
2136.043191	.12119
2137.007545	.12095
2137.971898	.12069
2138.936252	.12084
2139.900605	.12121
2140.864959	.12139
2141.829312	.12137
2142.793666	.12139
2143.758020	.12157
2144.722373	.12174
2145.686727	.12175
2146.651080	.12171
2147.615434	.12173
2148.579788	.12178
2149.544141	.12164
2150.508495	.12129
2151.472848	.12103
2152.437202	.12105
2153.401556	.12121
2154.365909	.12142
2155.330263	.12159
2156.294616	.1215
2157.258970	.1213
2158.223323	.12151
2159.187677	.12198
2160.152031	.12212
2161.116384	.12199
2162.080738	.12198
2163.045091	.12204
2164.009445	.12208
2164.973799	.12213
2165.938152	.12209
2166.902506	.12198
2167.866859	.12193
2168.831213	.12186
2169.795566	.12178
2170.759920	.12174
2171.724274	.12172
2172.688627	.1219
2173.652981	.12232
2174.617334	.12265
2175.581688	.12278
2176.546042	.12289
2177.510395	.12289
2178.474749	.12273
2179.439102	.12249
2180.403456	.1221
2181.367809	.12185
2182.332163	.1221
2183.296517	.12242
2184.260870	.12238
2185.225224	.12225
2186.189577	.12231
2187.153931	.12256
2188.118285	.12288
2189.082638	.12292
2190.046992	.12269
2191.011345	.12265
2191.975699	.12288
2192.940053	.12316
2193.904406	.12331
2194.868760	.12327
2195.833113	.12318
2196.797467	.12302
2197.761820	.12273
2198.726174	.12264
2199.690528	.12272
2200.654881	.1227
2201.619235	.12276
2202.583588	.12305
2203.547942	.12334
2204.512296	.12345
2205.476649	.12353
2206.441003	.12359
2207.405356	.12356
2208.369710	.1234
2209.334063	.12317
2210.298417	.12309
2211.262771	.12315
2212.227124	.12311
2213.191478	.12295
2214.155831	.12292
2215.120185	.12302
2216.084539	.12316
2217.048892	.12323
2218.013246	.12314
2218.977599	.12316
2219.941953	.12337
2220.906306	.12346
2221.870660	.12335
2222.835014	.12332
2223.799367	.12347
2224.763721	.12366
2225.728074	.12378
2226.692428	.12371
2227.656782	.12343
2228.621135	.12318
2229.585489	.12323
2230.549842	.12345
2231.514196	.12358
2232.478550	.12369
2233.442903	.12382
2234.407257	.12388
2235.371610	.12397
2236.335964	.12413
2237.300317	.12421
2238.264671	.12413
2239.229025	.12394
2240.193378	.12392
2241.157732	.12424
2242.122085	.12448
2243.086439	.12442
2244.050793	.12427
2245.015146	.12401
2245.979500	.12374
2246.943853	.12376
2247.908207	.12401
2248.872560	.12416
2249.836914	.12426
2250.801268	.12446
2251.765621	.12467
2252.729975	.12473
2253.694328	.12469
2254.658682	.12475
2255.623036	.1247
2256.587389	.12436
2257.551743	.1241
2258.516096	.12404
2259.480450	.12391
2260.444804	.12374
2261.409157	.12368
2262.373511	.12369
2263.337864	.12382
2264.302218	.12404
2265.266571	.12422
2266.230925	.12438
2267.195279	.12447
2268.159632	.12458
2269.123986	.12492
2270.088339	.12513
2271.052693	.12489
2272.017047	.12467
2272.981400	.12483
2273.945754	.12497
2274.910107	.12472
2275.874461	.12435
2276.838814	.12426
2277.803168	.1244
2278.767522	.12455
2279.731875	.12464
2280.696229	.12478
2281.660582	.12499
2282.624936	.12516
2283.589290	.12517
2284.553643	.12498
2285.517997	.12471
2286.482350	.1247
2287.446704	.12491
2288.411057	.12493
2289.375411	.12469
2290.339765	.1245
2291.304118	.12427
2292.268472	.1238
2293.232825	.12356
2294.197179	.1238
2295.161533	.12414
2296.125886	.12442
2297.090240	.12458
2298.054593	.12468
2299.018947	.12494
2299.983301	.12518
2300.947654	.12497
2301.912008	.12456
2302.876361	.12425
2303.840715	.12395
2304.805068	.12369
2305.769422	.12349
2306.733776	.12328
2307.698129	.12306
2308.662483	.12293
2309.626836	.12325
2310.591190	.12356
2311.555544	.12347
2312.519897	.12356
2313.484251	.12395
2314.448604	.12436
2315.412958	.12453
2316.377311	.1241
2317.341665	.12351
2318.306019	.12338
2319.270372	.12339
2320.234726	.12293
2321.199079	.12226
2322.163433	.12189
2323.127787	.12188
2324.092140	.12213
2325.056494	.12235
2326.020847	.12219
2326.985201	.12187
2327.949554	.12159
2328.913908	.12132
2329.878262	.12133
2330.842615	.12093
2331.806969	.11993
2332.771322	.12022
2333.735676	.12165
2334.700030	.12207
2335.664383	.12156
2336.628737	.12102
2337.593090	.12022
2338.557444	.11967
2339.521798	.12004
2340.486151	.12074
2341.450505	.12151
2342.414858	.1225
2343.379212	.12256
2344.343565	.1216
2345.307919	.12203
2346.272273	.12392
2347.236626	.12475
2348.200980	.12421
2349.165333	.12332
2350.129687	.1226
2351.094041	.12231
2352.058394	.122
2353.022748	.12086
2353.987101	.1195
2354.951455	.11914
2355.915808	.12025
2356.880162	.12209
2357.844516	.12262
2358.808869	.12117
2359.773223	.11952
2360.737576	.11948
2361.701930	.1206
2362.666284	.12097
2363.630637	.12064
2364.594991	.12093
2365.559344	.1214
2366.523698	.12075
2367.488052	.11999
2368.452405	.12097
2369.416759	.12232
2370.381112	.12255
2371.345466	.12231
2372.309819	.12241
2373.274173	.12322
2374.238527	.12406
2375.202880	.12415
2376.167234	.12408
2377.131587	.12421
2378.095941	.12434
2379.060295	.12458
2380.024648	.12497
2380.989002	.12532
2381.953355	.12553
2382.917709	.12566
2383.882062	.12582
2384.846416	.12599
2385.810770	.12621
2386.775123	.12653
2387.739477	.12674
2388.703830	.1268
2389.668184	.12701
2390.632538	.12742
2391.596891	.12773
2392.561245	.12784
2393.525598	.12776
2394.489952	.12751
2395.454305	.12725
2396.418659	.12694
2397.383013	.12656
2398.347366	.12642
2399.311720	.12657
2400.276073	.12673
2401.240427	.12678
2402.204781	.12679
2403.169134	.12684
2404.133488	.12701
2405.097841	.12721
2406.062195	.1274
2407.026549	.12777
2407.990902	.12806
2408.955256	.12796
2409.919609	.1276
2410.883963	.12725
2411.848316	.12701
2412.812670	.1268
2413.777024	.12667
2414.741377	.12666
2415.705731	.12671
2416.670084	.12683
2417.634438	.12707
2418.598792	.12733
2419.563145	.12742
2420.527499	.12735
2421.491852	.12745
2422.456206	.12794
2423.420559	.12844
2424.384913	.12854
2425.349267	.12835
2426.313620	.12802
2427.277974	.12748
2428.242327	.1269
2429.206681	.12664
2430.171035	.12688
2431.135388	.1273
2432.099742	.12745
2433.064095	.12733
2434.028449	.12735
2434.992802	.12774
2435.957156	.12824
2436.921510	.1285
2437.885863	.12835
2438.850217	.12805
2439.814570	.128
2440.778924	.12808
2441.743278	.12796
2442.707631	.12768
2443.671985	.12733
2444.636338	.12711
2445.600692	.12737
2446.565046	.12786
2447.529399	.12796
2448.493753	.1278
2449.458106	.12791
2450.422460	.12828
2451.386813	.12848
2452.351167	.12839
2453.315521	.12811
2454.279874	.12783
2455.244228	.12772
2456.208581	.12779
2457.172935	.1278
2458.137289	.12761
2459.101642	.12753
2460.065996	.12775
2461.030349	.12795
2461.994703	.12806
2462.959056	.12819
2463.923410	.12823
2464.887764	.12819
2465.852117	.1284
2466.816471	.12888
2467.780824	.12923
2468.745178	.12926
2469.709532	.12917
2470.673885	.12907
2471.638239	.12895
2472.602592	.12875
2473.566946	.1285
2474.531300	.12836
2475.495653	.12832
2476.460007	.1281
2477.424360	.12777
2478.388714	.12784
2479.353067	.12844
2480.317421	.12903
2481.281775	.12914
2482.246128	.12893
2483.210482	.12888
2484.174835	.12909
2485.139189	.1292
2486.103543	.12903
2487.067896	.12871
2488.032250	.12846
2488.996603	.12842
2489.960957	.12855
2490.925310	.1286
2491.889664	.1285
2492.854018	.12842
2493.818371	.12844
2494.782725	.12847
2495.747078	.12864
2496.711432	.12895
2497.675786	.12911
2498.640139	.12906
2499.604493	.12893
2500.568846	.12901
2501.533200	.12929
2502.497553	.12935
2503.461907	.12935
2504.426261	.12941
2505.390614	.129
2506.354968	.12835
2507.319321	.12819
2508.283675	.12836
2509.248029	.1284
2510.212382	.12844
2511.176736	.12877
2512.141089	.12921
2513.105443	.12944
2514.069797	.12966
2515.034150	.12987
2515.998504	.12967
2516.962857	.12919
2517.927211	.12902
2518.891564	.1292
2519.855918	.12918
2520.820272	.12884
2521.784625	.12868
2522.748979	.12877
2523.713332	.12881
2524.677686	.12877
2525.642040	.12875
2526.606393	.1289
2527.570747	.12919
2528.535100	.1296
2529.499454	.13016
2530.463807	.13041
2531.428161	.13005
2532.392515	.12971
2533.356868	.12974
2534.321222	.12988
2535.285575	.12984
2536.249929	.1294
2537.214283	.12881
2538.178636	.12865
2539.142990	.12894
2540.107343	.12922
2541.071697	.12938
2542.036050	.12944
2543.000404	.12938
2543.964758	.12942
2544.929111	.12959
2545.893465	.12975
2546.857818	.12988
2547.822172	.13
2548.786526	.13011
2549.750879	.1302
2550.715233	.13017
2551.679586	.12983
2552.643940	.12933
2553.608294	.12902
2554.572647	.12892
2555.537001	.12894
2556.501354	.1293
2557.465708	.12993
2558.430061	.13029
2559.394415	.13023
2560.358769	.13
2561.323122	.12978
2562.287476	.12985
2563.251829	.1301
2564.216183	.1302
2565.180537	.13018
2566.144890	.13005
2567.109244	.12981
2568.073597	.12958
2569.037951	.12933
2570.002304	.12924
2570.966658	.12955
2571.931012	.12988
2572.895365	.13001
2573.859719	.13016
2574.824072	.13036
2575.788426	.1305
2576.752780	.13065
2577.717133	.1307
2578.681487	.13048
2579.645840	.13022
2580.610194	.13028
2581.574547	.13047
2582.538901	.1303
2583.503255	.12978
2584.467608	.12942
2585.431962	.12955
2586.396315	.12994
2587.360669	.13017
2588.325023	.13023
2589.289376	.13037
2590.253730	.13053
2591.218083	.13052
2592.182437	.13051
2593.146791	.13068
2594.111144	.13074
2595.075498	.13051
2596.039851	.13023
2597.004205	.13004
2597.968558	.12991
2598.932912	.12986
2599.897266	.12991
2600.861619	.13002
2601.825973	.13016
2602.790326	.13027
2603.754680	.13031
2604.719034	.13053
2605.683387	.13088
2606.647741	.13105
2607.612094	.13109
2608.576448	.13085
2609.540801	.13033
2610.505155	.13012
2611.469509	.13042
2612.433862	.13078
2613.398216	.13082
2614.362569	.13053
2615.326923	.13026
2616.291277	.13022
2617.255630	.13032
2618.219984	.13048
2619.184337	.13063
2620.148691	.13067
2621.113045	.13079
2622.077398	.13106
2623.041752	.13128
2624.006105	.13131
2624.970459	.13108
2625.934812	.13075
2626.899166	.13067
2627.863520	.13085
2628.827873	.13094
2629.792227	.13079
2630.756580	.13053
2631.720934	.13027
2632.685288	.13016
2633.649641	.13028
2634.613995	.13044
2635.578348	.13063
2636.542702	.13102
2637.507055	.13128
2638.471409	.1312
2639.435763	.13114
2640.400116	.13121
2641.364470	.13112
2642.328823	.13079
2643.293177	.13044
2644.257531	.1304
2645.221884	.13074
2646.186238	.1311
2647.150591	.13118
2648.114945	.13115
2649.079298	.13116
2650.043652	.13105
2651.008006	.13082
2651.972359	.13085
2652.936713	.13134
2653.901066	.1318
2654.865420	.1317
2655.829774	.13138
2656.794127	.13133
2657.758481	.1314
2658.722834	.13126
2659.687188	.13107
2660.651542	.13113
2661.615895	.13129
2662.580249	.13124
2663.544602	.13105
2664.508956	.13107
2665.473309	.13127
2666.437663	.13124
2667.402017	.13113
2668.366370	.13133
2669.330724	.13164
2670.295077	.13163
2671.259431	.13128
2672.223785	.131
2673.188138	.13112
2674.152492	.13126
2675.116845	.13118
2676.081199	.1313
2677.045552	.13166
2678.009906	.13166
2678.974260	.13128
2679.938613	.13104
2680.902967	.13114
2681.867320	.13141
2682.831674	.13155
2683.796028	.13151
2684.760381	.13154
2685.724735	.13176
2686.689088	.1321
2687.653442	.13221
2688.617795	.13192
2689.582149	.13172
2690.546503	.13191
2691.510856	.13222
2692.475210	.13214
2693.439563	.13165
2694.403917	.13134
2695.368271	.13137
2696.332624	.13138
2697.296978	.13135
2698.261331	.1313
2699.225685	.13121
2700.190039	.13134
2701.154392	.13181
2702.118746	.13226
2703.083099	.13242
2704.047453	.13235
2705.011806	.13211
2705.976160	.13186
2706.940514	.13178
2707.904867	.1317
2708.869221	.1316
2709.833574	.13165
2710.797928	.13163
2711.762282	.13142
2712.726635	.1314
2713.690989	.13178
2714.655342	.13221
2715.619696	.13227
2716.584049	.13205
2717.548403	.13204
2718.512757	.13218
2719.477110	.13228
2720.441464	.13238
2721.405817	.13243
2722.370171	.13239
2723.334525	.1322
2724.298878	.13185
2725.263232	.13163
2726.227585	.13164
2727.191939	.1317
2728.156293	.13172
2729.120646	.13177
2730.085000	.13203
2731.049353	.13233
2732.013707	.13242
2732.978060	.1325
2733.942414	.13252
2734.906768	.13236
2735.871121	.13229
2736.835475	.13231
2737.799828	.13224
2738.764182	.1321
2739.728536	.13193
2740.692889	.13184
2741.657243	.13189
2742.621596	.13208
2743.585950	.13233
2744.550303	.13232
2745.514657	.13201
2746.479011	.13195
2747.443364	.13226
2748.407718	.13262
2749.372071	.1329
2750.336425	.13299
2751.300779	.13285
2752.265132	.13264
2753.229486	.13244
2754.193839	.13228
2755.158193	.13239
2756.122546	.13253
2757.086900	.13224
2758.051254	.13194
2759.015607	.13206
2759.979961	.13227
2760.944314	.13225
2761.908668	.13215
2762.873022	.13214
2763.837375	.1322
2764.801729	.13227
2765.766082	.1325
2766.730436	.13286
2767.694790	.1331
2768.659143	.13323
2769.623497	.1332
2770.587850	.13264
2771.552204	.13195
2772.516557	.13198
2773.480911	.13246
2774.445265	.13262
2775.409618	.13246
2776.373972	.13249
2777.338325	.13274
2778.302679	.13297
2779.267033	.13311
2780.231386	.13315
2781.195740	.13304
2782.160093	.13282
2783.124447	.13268
2784.088800	.13269
2785.053154	.13277
2786.017508	.13279
2786.981861	.13267
2787.946215	.13255
2788.910568	.13257
2789.874922	.13256
2790.839276	.13256
2791.803629	.13277
2792.767983	.13297
2793.732336	.1331
2794.696690	.13332
2795.661043	.13337
2796.625397	.13326
2797.589751	.13334
2798.554104	.1335
2799.518458	.13351
2800.482811	.13331
2801.447165	.13297
2802.411519	.13252
2803.375872	.13207
2804.340226	.132
2805.304579	.13241
2806.268933	.13282
2807.233287	.13303
2808.197640	.13331
2809.161994	.1336
2810.126347	.13347
2811.090701	.13326
2812.055054	.13332
2813.019408	.13324
2813.983762	.13309
2814.948115	.13326
2815.912469	.13342
2816.876822	.1332
2817.841176	.13287
2818.805530	.13282
2819.769883	.133
2820.734237	.13309
2821.698590	.13304
2822.662944	.13298
2823.627297	.13311
2824.591651	.13333
2825.556005	.13343
2826.520358	.13349
2827.484712	.13363
2828.449065	.13369
2829.413419	.13359
2830.377773	.13344
2831.342126	.13336
2832.306480	.13332
2833.270833	.13315
2834.235187	.13279
2835.199541	.13271
2836.163894	.13294
2837.128248	.13313
2838.092601	.1332
2839.056955	.13311
2840.021308	.13298
2840.985662	.13309
2841.950016	.13332
2842.914369	.13338
2843.878723	.13333
2844.843076	.1334
2845.807430	.13348
2846.771784	.13338
2847.736137	.13322
2848.700491	.13313
2849.664844	.13299
2850.629198	.13278
2851.593551	.13258
2852.557905	.13247
2853.522259	.13276
2854.486612	.13341
2855.450966	.13376
2856.415319	.13361
2857.379673	.13351
2858.344027	.13376
2859.308380	.13414
2860.272734	.13426
2861.237087	.13404
2862.201441	.13377
2863.165794	.13362
2864.130148	.13343
2865.094502	.13321
2866.058855	.13301
2867.023209	.13293
2867.987562	.13328
2868.951916	.13382
2869.916270	.13382
2870.880623	.1334
2871.844977	.13333
2872.809330	.1338
2873.773684	.13414
2874.738038	.13411
2875.702391	.1342
2876.666745	.1343
2877.631098	.13409
2878.595452	.13369
2879.559805	.13331
2880.524159	.13308
2881.488513	.13302
2882.452866	.13306
2883.417220	.13315
2884.381573	.13324
2885.345927	.13348
2886.310281	.13367
2887.274634	.1336
2888.238988	.13347
2889.203341	.13357
2890.167695	.13394
2891.132048	.13414
2892.096402	.13385
2893.060756	.13335
2894.025109	.13326
2894.989463	.13351
2895.953816	.13346
2896.918170	.13308
2897.882524	.13303
2898.846877	.13349
2899.811231	.13374
2900.775584	.13366
2901.739938	.13383
2902.704291	.13396
2903.668645	.13381
2904.632999	.13379
2905.597352	.13389
2906.561706	.13397
2907.526059	.13429
2908.490413	.13469
2909.454767	.13465
2910.419120	.13415
2911.383474	.13345
2912.347827	.13312
2913.312181	.13348
2914.276535	.13376
2915.240888	.13352
2916.205242	.13332
2917.169595	.13341
2918.133949	.1334
2919.098302	.13331
2920.062656	.1334
2921.027010	.13365
2921.991363	.13392
2922.955717	.134
2923.920070	.13388
2924.884424	.13394
2925.848778	.13424
2926.813131	.13432
2927.777485	.13416
2928.741838	.13407
2929.706192	.13377
2930.670545	.13344
2931.634899	.13365
2932.599253	.13397
2933.563606	.13387
2934.527960	.13365
2935.492313	.13366
2936.456667	.13379
2937.421021	.13392
2938.385374	.13407
2939.349728	.13425
2940.314081	.13423
2941.278435	.1339
2942.242789	.13375
2943.207142	.13386
2944.171496	.13379
2945.135849	.13363
2946.100203	.13361
2947.064556	.13368
2948.028910	.13384
2948.993264	.13399
2949.957617	.13408
2950.921971	.13428
2951.886324	.13448
2952.850678	.13453
2953.815032	.13452
2954.779385	.13438
2955.743739	.13412
2956.708092	.13416
2957.672446	.1346
2958.636799	.1348
2959.601153	.13434
2960.565507	.13376
2961.529860	.13378
2962.494214	.13428
2963.458567	.13447
2964.422921	.13423
2965.387275	.1342
2966.351628	.13456
2967.315982	.13487
2968.280335	.13502
2969.244689	.13512
2970.209042	.13513
2971.173396	.135
2972.137750	.13485
2973.102103	.13484
2974.066457	.13473
2975.030810	.13446
2975.995164	.13437
2976.959518	.13443
2977.923871	.13452
2978.888225	.1347
2979.852578	.13486
2980.816932	.13493
2981.781286	.13498
2982.745639	.13493
2983.709993	.1348
2984.674346	.13497
2985.638700	.13538
2986.603053	.13549
2987.567407	.13525
2988.531761	.13477
2989.496114	.13444
2990.460468	.13463
2991.424821	.13493
2992.389175	.13475
2993.353529	.13443
2994.317882	.13445
2995.282236	.13466
2996.246589	.13491
2997.210943	.13515
2998.175296	.13527
2999.139650	.13515
3000.104004	.13505
3001.068357	.13518
3002.032711	.13533
3002.997064	.13535
3003.961418	.13522
3004.925772	.13497
3005.890125	.13473
3006.854479	.13462
3007.818832	.13458
3008.783186	.13457
3009.747539	.13459
3010.711893	.13464
3011.676247	.13473
3012.640600	.13481
3013.604954	.1348
3014.569307	.13479
3015.533661	.13497
3016.498015	.13509
3017.462368	.13495
3018.426722	.13483
3019.391075	.13485
3020.355429	.13487
3021.319783	.13482
3022.284136	.13476
3023.248490	.13491
3024.212843	.13517
3025.177197	.13516
3026.141550	.13494
3027.105904	.13483
3028.070258	.1348
3029.034611	.13473
3029.998965	.13484
3030.963318	.13523
3031.927672	.1357
3032.892026	.13588
3033.856379	.13558
3034.820733	.13509
3035.785086	.13481
3036.749440	.13488
3037.713793	.13516
3038.678147	.13536
3039.642501	.13536
3040.606854	.13528
3041.571208	.1351
3042.535561	.13483
3043.499915	.13485
3044.464269	.13519
3045.428622	.13536
3046.392976	.13541
3047.357329	.13557
3048.321683	.13553
3049.286037	.1353
3050.250390	.13529
3051.214744	.1354
3052.179097	.13542
3053.143451	.13543
3054.107804	.13546
3055.072158	.13563
3056.036512	.1358
3057.000865	.13573
3057.965219	.13546
3058.929572	.13516
3059.893926	.13506
3060.858280	.13513
3061.822633	.13506
3062.786987	.1349
3063.751340	.13495
3064.715694	.13514
3065.680047	.13529
3066.644401	.13547
3067.608755	.1356
3068.573108	.13547
3069.537462	.13519
3070.501815	.13498
3071.466169	.13479
3072.430523	.13475
3073.394876	.13515
3074.359230	.13567
3075.323583	.13587
3076.287937	.13593
3077.252290	.13608
3078.216644	.13608
3079.180998	.13571
3080.145351	.13525
3081.109705	.13519
3082.074058	.13551
3083.038412	.13581
3084.002766	.13579
3084.967119	.13553
3085.931473	.13558
3086.895826	.13612
3087.860180	.13654
3088.824534	.13649
3089.788887	.13612
3090.753241	.13561
3091.717594	.13527
3092.681948	.13529
3093.646301	.13547
3094.610655	.13542
3095.575009	.13521
3096.539362	.13534
3097.503716	.1358
3098.468069	.13612
3099.432423	.13603
3100.396777	.13558
3101.361130	.13518
3102.325484	.13521
3103.289837	.13554
3104.254191	.13582
3105.218544	.13573
3106.182898	.13541
3107.147252	.13538
3108.111605	.13557
3109.075959	.13567
3110.040312	.1357
3111.004666	.13568
3111.969020	.13568
3112.933373	.13569
3113.897727	.1357
3114.862080	.13574
3115.826434	.13545
3116.790787	.13488
3117.755141	.13493
3118.719495	.13563
3119.683848	.13608
3120.648202	.13594
3121.612555	.13528
3122.576909	.13477
3123.541263	.13502
3124.505616	.13546
3125.469970	.13549
3126.434323	.13536
3127.398677	.13545
3128.363031	.13585
3129.327384	.13627
3130.291738	.13657
3131.256091	.13673
3132.220445	.13657
3133.184798	.13632
3134.149152	.13623
3135.113506	.13608
3136.077859	.13585
3137.042213	.13579
3138.006566	.13586
3138.970920	.13572
3139.935274	.13535
3140.899627	.13528
3141.863981	.13573
3142.828334	.13631
3143.792688	.13658
3144.757041	.13643
3145.721395	.13607
3146.685749	.13587
3147.650102	.1359
3148.614456	.13597
3149.578809	.13611
3150.543163	.13632
3151.507517	.13616
3152.471870	.13579
3153.436224	.13584
3154.400577	.13619
3155.364931	.13627
3156.329284	.13602
3157.293638	.1359
3158.257992	.13617
3159.222345	.13654
3160.186699	.13655
3161.151052	.13634
3162.115406	.13633
3163.079760	.13645
3164.044113	.13645
3165.008467	.1362
3165.972820	.13571
3166.937174	.13553
3167.901528	.1357
3168.865881	.13568
3169.830235	.13555
3170.794588	.1357
3171.758942	.13615
3172.723295	.1365
3173.687649	.13649
3174.652003	.13653
3175.616356	.13655
3176.580710	.13609
3177.545063	.13561
3178.509417	.13575
3179.473771	.13599
3180.438124	.13575
3181.402478	.13552
3182.366831	.13565
3183.331185	.13586
3184.295538	.13598
3185.259892	.13601
3186.224246	.1362
3187.188599	.1366
3188.152953	.1368
3189.117306	.13654
3190.081660	.1362
3191.046014	.13621
3192.010367	.13647
3192.974721	.1366
3193.939074	.13654
3194.903428	.13642
3195.867782	.13637
3196.832135	.13639
3197.796489	.13635
3198.760842	.13635
3199.725196	.13642
3200.689549	.13654
3201.653903	.13653
3202.618257	.13613
3203.582610	.13579
3204.546964	.13605
3205.511317	.13652
3206.475671	.13659
3207.440025	.1364
3208.404378	.13645
3209.368732	.13666
3210.333085	.13671
3211.297439	.1367
3212.261792	.13681
3213.226146	.13701
3214.190500	.13721
3215.154853	.13722
3216.119207	.13687
3217.083560	.13647
3218.047914	.13632
3219.012268	.13626
3219.976621	.13633
3220.940975	.13665
3221.905328	.13692
3222.869682	.13689
3223.834035	.13664
3224.798389	.13639
3225.762743	.1364
3226.727096	.13666
3227.691450	.13666
3228.655803	.13632
3229.620157	.13615
3230.584511	.13625
3231.548864	.13631
3232.513218	.13635
3233.477571	.13655
3234.441925	.13678
3235.406279	.13686
3236.370632	.1368
3237.334986	.13663
3238.299339	.13653
3239.263693	.1367
3240.228046	.13681
3241.192400	.13669
3242.156754	.13676
3243.121107	.137
3244.085461	.1369
3245.049814	.13647
3246.014168	.13614
3246.978522	.13613
3247.942875	.13638
3248.907229	.13643
3249.871582	.13601
3250.835936	.13587
3251.800289	.1365
3252.764643	.13702
3253.728997	.1369
3254.693350	.13681
3255.657704	.13712
3256.622057	.13743
3257.586411	.13742
3258.550765	.13727
3259.515118	.13714
3260.479472	.13705
3261.443825	.13696
3262.408179	.13687
3263.372532	.13683
3264.336886	.1368
3265.301240	.1368
3266.265593	.13672
3267.229947	.13668
3268.194300	.13682
3269.158654	.13689
3270.123008	.13693
3271.087361	.13709
3272.051715	.13709
3273.016068	.1369
3273.980422	.13679
3274.944776	.13696
3275.909129	.13735
3276.873483	.13739
3277.837836	.13693
3278.802190	.13665
3279.766543	.13668
3280.730897	.13676
3281.695251	.13693
3282.659604	.13707
3283.623958	.1371
3284.588311	.13703
3285.552665	.13693
3286.517019	.13689
3287.481372	.13689
3288.445726	.13701
3289.410079	.13718
3290.374433	.13724
3291.338786	.13723
3292.303140	.13728
3293.267494	.13734
3294.231847	.13718
3295.196201	.13666
3296.160554	.13617
3297.124908	.13634
3298.089262	.13697
3299.053615	.13727
3300.017969	.13711
3300.982322	.13686
3301.946676	.13676
3302.911030	.13681
3303.875383	.1369
3304.839737	.13698
3305.804090	.13698
3306.768444	.13709
3307.732797	.13747
3308.697151	.13774
3309.661505	.13758
3310.625858	.13716
3311.590212	.13677
3312.554565	.13674
3313.518919	.13706
3314.483273	.13721
3315.447626	.1369
3316.411980	.13642
3317.376333	.13637
3318.340687	.13679
3319.305040	.13716
3320.269394	.13727
3321.233748	.13728
3322.198101	.13719
3323.162455	.13714
3324.126808	.13722
3325.091162	.13713
3326.055516	.13691
3327.019869	.13691
3327.984223	.13697
3328.948576	.13676
3329.912930	.13654
3330.877283	.13664
3331.841637	.13693
3332.805991	.13724
3333.770344	.13741
3334.734698	.13741
3335.699051	.13755
3336.663405	.13797
3337.627759	.1384
3338.592112	.13863
3339.556466	.13829
3340.520819	.13759
3341.485173	.13727
3342.449527	.1374
3343.413880	.13757
3344.378234	.13766
3345.342587	.1378
3346.306941	.13798
3347.271294	.13795
3348.235648	.13775
3349.200002	.13767
3350.164355	.1377
3351.128709	.13773
3352.093062	.13782
3353.057416	.13773
3354.021770	.13732
3354.986123	.13692
3355.950477	.13685
3356.914830	.13706
3357.879184	.13724
3358.843537	.13727
3359.807891	.13712
3360.772245	.13687
3361.736598	.13693
3362.700952	.13732
3363.665305	.13773
3364.629659	.13798
3365.594013	.1377
3366.558366	.13731
3367.522720	.13758
3368.487073	.13773
3369.451427	.13699
3370.415780	.13646
3371.380134	.13675
3372.344488	.13724
3373.308841	.13745
3374.273195	.13713
3375.237548	.13669
3376.201902	.1369
3377.166256	.13747
3378.130609	.1376
3379.094963	.13734
3380.059316	.13723
3381.023670	.13743
3381.988024	.13784
3382.952377	.13809
3383.916731	.13793
3384.881084	.13782
3385.845438	.13794
3386.809791	.13774
3387.774145	.13707
3388.738499	.13661
3389.702852	.13683
3390.667206	.13742
3391.631559	.13769
3392.595913	.13762
3393.560267	.13764
3394.524620	.13777
3395.488974	.13791
3396.453327	.13803
3397.417681	.13809
3398.382034	.13807
3399.346388	.13786
3400.310742	.13769
3401.275095	.13783
3402.239449	.13793
3403.203802	.1379
3404.168156	.13814
3405.132510	.13838
3406.096863	.13801
3407.061217	.13723
3408.025570	.13666
3408.989924	.1365
3409.954278	.13666
3410.918631	.13703
3411.882985	.13749
3412.847338	.13788
3413.811692	.13796
3414.776045	.13765
3415.740399	.13738
3416.704753	.13739
3417.669106	.13768
3418.633460	.13811
3419.597813	.13827
3420.562167	.138
3421.526521	.13737
3422.490874	.13677
3423.455228	.13675
3424.419581	.13712
3425.383935	.13741
3426.348288	.13749
3427.312642	.13751
3428.276996	.13779
3429.241349	.13824
3430.205703	.13846
3431.170056	.13839
3432.134410	.13817
3433.098764	.13793
3434.063117	.13787
3435.027471	.13811
3435.991824	.13843
3436.956178	.13848
3437.920531	.13834
3438.884885	.13823
3439.849239	.13832
3440.813592	.13844
3441.777946	.1382
3442.742299	.13788
3443.706653	.13778
3444.671007	.13761
3445.635360	.13738
3446.599714	.13729
3447.564067	.13738
3448.528421	.13768
3449.492775	.13793
3450.457128	.13798
3451.421482	.13802
3452.385835	.13817
3453.350189	.13828
3454.314542	.13827
3455.278896	.13821
3456.243250	.13823
3457.207603	.13831
3458.171957	.13815
3459.136310	.13776
3460.100664	.13769
3461.065018	.13804
3462.029371	.13819
3462.993725	.13799
3463.958078	.13799
3464.922432	.13828
3465.886785	.13859
3466.851139	.13876
3467.815493	.1386
3468.779846	.13822
3469.744200	.13802
3470.708553	.13805
3471.672907	.13828
3472.637261	.13858
3473.601614	.13849
3474.565968	.13806
3475.530321	.13796
3476.494675	.13819
3477.459028	.1381
3478.423382	.1376
3479.387736	.13722
3480.352089	.13713
3481.316443	.13717
3482.280796	.13741
3483.245150	.13787
3484.209504	.13825
3485.173857	.13828
3486.138211	.13803
3487.102564	.13754
3488.066918	.13708
3489.031272	.1373
3489.995625	.13787
3490.959979	.13799
3491.924332	.13757
3492.888686	.13725
3493.853039	.13748
3494.817393	.13776
3495.781747	.13784
3496.746100	.13801
3497.710454	.13807
3498.674807	.13796
3499.639161	.13809
3500.603515	.1382
3501.567868	.13763
3502.532222	.13673
3503.496575	.13644
3504.460929	.13693
3505.425282	.13765
3506.389636	.13788
3507.353990	.13767
3508.318343	.13771
3509.282697	.1381
3510.247050	.13842
3511.211404	.13854
3512.175758	.13857
3513.140111	.13854
3514.104465	.13838
3515.068818	.13808
3516.033172	.13764
3516.997526	.13732
3517.961879	.13744
3518.926233	.13758
3519.890586	.13757
3520.854940	.13751
3521.819293	.13726
3522.783647	.13713
3523.748001	.13727
3524.712354	.13738
3525.676708	.13732
3526.641061	.13744
3527.605415	.13788
3528.569769	.13809
3529.534122	.13787
3530.498476	.13778
3531.462829	.13803
3532.427183	.13809
3533.391536	.13774
3534.355890	.13737
3535.320244	.13729
3536.284597	.1376
3537.248951	.13805
3538.213304	.1382
3539.177658	.13797
3540.142012	.13791
3541.106365	.13834
3542.070719	.13862
3543.035072	.13851
3543.999426	.13824
3544.963779	.13789
3545.928133	.13767
3546.892487	.13765
3547.856840	.13777
3548.821194	.13769
3549.785547	.1375
3550.749901	.13753
3551.714255	.13762
3552.678608	.13764
3553.642962	.13789
3554.607315	.13836
3555.571669	.13853
3556.536023	.13853
3557.500376	.1388
3558.464730	.13879
3559.429083	.13806
3560.393437	.13752
3561.357790	.13772
3562.322144	.13808
3563.286498	.1382
3564.250851	.13795
3565.215205	.13726
3566.179558	.13634
3567.143912	.13535
3568.108266	.13526
3569.072619	.1366
3570.036973	.13774
3571.001326	.13782
3571.965680	.13784
3572.930033	.13829
3573.894387	.1386
3574.858741	.13854
3575.823094	.13838
3576.787448	.13829
3577.751801	.13839
3578.716155	.13857
3579.680509	.13867
3580.644862	.1389
3581.609216	.13888
3582.573569	.13819
3583.537923	.13755
3584.502276	.13738
3585.466630	.1372
3586.430984	.13672
3587.395337	.13589
3588.359691	.13534
3589.324044	.13605
3590.288398	.13749
3591.252752	.13848
3592.217105	.13863
3593.181459	.13828
3594.145812	.13788
3595.110166	.13754
3596.074520	.13744
3597.038873	.1374
3598.003227	.13714
3598.967580	.13692
3599.931934	.13686
3600.896287	.13697
3601.860641	.13751
3602.824995	.13842
3603.789348	.13901
3604.753702	.13874
3605.718055	.13801
3606.682409	.13743
3607.646763	.13718
3608.611116	.13711
3609.575470	.13728
3610.539823	.13757
3611.504177	.13737
3612.468530	.13686
3613.432884	.13674
3614.397238	.1368
3615.361591	.13691
3616.325945	.13697
3617.290298	.13671
3618.254652	.13608
3619.219006	.13534
3620.183359	.13582
3621.147713	.13759
3622.112066	.13867
3623.076420	.13857
3624.040774	.13839
3625.005127	.13839
3625.969481	.13826
3626.933834	.13783
3627.898188	.13653
3628.862541	.13486
3629.826895	.13528
3630.791249	.13698
3631.755602	.13794
3632.719956	.1379
3633.684309	.13746
3634.648663	.13733
3635.613017	.13767
3636.577370	.13819
3637.541724	.13872
3638.506077	.1389
3639.470431	.13872
3640.434784	.13873
3641.399138	.13882
3642.363492	.13848
3643.327845	.13808
3644.292199	.13809
3645.256552	.138
3646.220906	.13687
3647.185260	.13525
3648.149613	.13481
3649.113967	.13504
3650.078320	.13522
3651.042674	.13629
3652.007027	.13784
3652.971381	.1387
3653.935735	.13875
3654.900088	.13835
3655.864442	.13775
3656.828795	.13756
3657.793149	.13804
3658.757503	.13853
3659.721856	.13879
3660.686210	.13878
3661.650563	.13846
3662.614917	.13826
3663.579271	.1384
3664.543624	.13845
3665.507978	.13836
3666.472331	.13842
3667.436685	.13824
3668.401038	.13779
3669.365392	.13764
3670.329746	.13731
3671.294099	.13717
3672.258453	.13782
3673.222806	.1378
3674.187160	.13619
3675.151514	.134
3676.115867	.13351
3677.080221	.13472
3678.044574	.13611
3679.008928	.13697
3679.973281	.13743
3680.937635	.13799
3681.901989	.13858
3682.866342	.13891
3683.830696	.13897
3684.795049	.13883
3685.759403	.13862
3686.723757	.13806
3687.688110	.13666
3688.652464	.13561
3689.616817	.13591
3690.581171	.1363
3691.545524	.13654
3692.509878	.1371
3693.474232	.13763
3694.438585	.13788
3695.402939	.13814
3696.367292	.13848
3697.331646	.13857
3698.296000	.13875
3699.260353	.139
3700.224707	.13829
3701.189060	.13683
3702.153414	.13664
3703.117768	.13795
3704.082121	.13905
3705.046475	.13943
3706.010828	.1395
3706.975182	.13928
3707.939535	.13854
3708.903889	.13757
3709.868243	.13697
3710.832596	.1365
3711.796950	.13594
3712.761303	.13613
3713.725657	.13712
3714.690011	.1383
3715.654364	.13921
3716.618718	.13941
3717.583071	.13904
3718.547425	.13832
3719.511778	.13788
3720.476132	.13807
3721.440486	.13797
3722.404839	.13755
3723.369193	.13744
3724.333546	.13736
3725.297900	.13726
3726.262254	.13737
3727.226607	.1377
3728.190961	.13802
3729.155314	.13828
3730.119668	.1384
3731.084022	.13754
3732.048375	.136
3733.012729	.13556
3733.977082	.13555
3734.941436	.13482
3735.905789	.13457
3736.870143	.13544
3737.834497	.13616
3738.798850	.13647
3739.763204	.13672
3740.727557	.13675
3741.691911	.13689
3742.656265	.13698
3743.620618	.13549
3744.584972	.13345
3745.549325	.1346
3746.513679	.13649
3747.478032	.13718
3748.442386	.13658
3749.406740	.13587
3750.371093	.13611
3751.335447	.13567
3752.299800	.13488
3753.264154	.136
3754.228508	.13779
3755.192861	.13854
3756.157215	.13817
3757.121568	.13767
3758.085922	.13751
3759.050275	.1373
3760.014629	.13744
3760.978983	.13807
3761.943336	.13861
3762.907690	.13887
3763.872043	.13874
3764.836397	.13816
3765.800751	.13766
3766.765104	.13776
3767.729458	.13801
3768.693811	.13784
3769.658165	.13746
3770.622519	.13766
3771.586872	.13836
3772.551226	.13881
3773.515579	.13876
3774.479933	.1385
3775.444286	.13859
3776.408640	.13929
3777.372994	.13976
3778.337347	.1392
3779.301701	.13803
3780.266054	.13763
3781.230408	.13844
3782.194762	.13952
3783.159115	.13993
3784.123469	.13949
3785.087822	.13913
3786.052176	.13949
3787.016529	.13993
3787.980883	.13986
3788.945237	.13938
3789.909590	.13906
3790.873944	.13896
3791.838297	.13889
3792.802651	.13914
3793.767005	.13937
3794.731358	.139
3795.695712	.13814
3796.660065	.13729
3797.624419	.13721
3798.588772	.13776
3799.553126	.13804
3800.517480	.13757
3801.481833	.13715
3802.446187	.13757
3803.410540	.1381
3804.374894	.13837
3805.339248	.13803
3806.303601	.13716
3807.267955	.13735
3808.232308	.13857
3809.196662	.13915
3810.161016	.13907
3811.125369	.13895
3812.089723	.13911
3813.054076	.13948
3814.018430	.13939
3814.982783	.13817
3815.947137	.13686
3816.911491	.13719
3817.875844	.13802
3818.840198	.13811
3819.804551	.1375
3820.768905	.1368
3821.733259	.13688
3822.697612	.13776
3823.661966	.1388
3824.626319	.13922
3825.590673	.13873
3826.555026	.13819
3827.519380	.13835
3828.483734	.13889
3829.448087	.13904
3830.412441	.13858
3831.376794	.13811
3832.341148	.13816
3833.305502	.13824
3834.269855	.13791
3835.234209	.13759
3836.198562	.13754
3837.162916	.1369
3838.127269	.13608
3839.091623	.13639
3840.055977	.13695
3841.020330	.13733
3841.984684	.13783
3842.949037	.13807
3843.913391	.13823
3844.877745	.1388
3845.842098	.1393
3846.806452	.13945
3847.770805	.13968
3848.735159	.13992
3849.699513	.13938
3850.663866	.13777
3851.628220	.13587
3852.592573	.13479
3853.556927	.13452
3854.521280	.13526
3855.485634	.13654
3856.449988	.13729
3857.414341	.13784
3858.378695	.1386
3859.343048	.13929
3860.307402	.13942
3861.271756	.13899
3862.236109	.13871
3863.200463	.13837
3864.164816	.13725
3865.129170	.13655
3866.093523	.13749
3867.057877	.13855
3868.022231	.13818
3868.986584	.13687
3869.950938	.13647
3870.915291	.13733
3871.879645	.13811
3872.843999	.13818
3873.808352	.13784
3874.772706	.13808
3875.737059	.13878
3876.701413	.13917
3877.665767	.139
3878.630120	.13821
3879.594474	.13747
3880.558827	.13798
3881.523181	.13941
3882.487534	.14031
3883.451888	.14014
3884.416242	.13924
3885.380595	.13831
3886.344949	.13801
3887.309302	.13847
3888.273656	.13946
3889.238010	.14023
3890.202363	.13976
3891.166717	.1384
3892.131070	.13785
3893.095424	.13869
3894.059777	.13975
3895.024131	.13974
3895.988485	.13911
3896.952838	.1389
3897.917192	.13856
3898.881545	.13786
3899.845899	.13796
3900.810253	.13846
3901.774606	.13854
3902.738960	.13862
3903.703313	.13881
3904.667667	.1389
3905.632020	.13889
3906.596374	.13898
3907.560728	.1392
3908.525081	.1392
3909.489435	.13898
3910.453788	.13901
3911.418142	.13931
3912.382496	.13957
3913.346849	.13961
3914.311203	.13932
3915.275556	.13903
3916.239910	.13897
3917.204264	.13883
3918.168617	.13873
3919.132971	.13893
3920.097324	.13927
3921.061678	.13988
3922.026031	.14046
3922.990385	.14033
3923.954739	.1397
3924.919092	.13919
3925.883446	.13912
3926.847799	.13932
3927.812153	.13909
3928.776507	.1386
3929.740860	.13889
3930.705214	.13934
3931.669567	.13911
3932.633921	.13897
3933.598274	.13923
3934.562628	.13932
3935.526982	.13918
3936.491335	.13905
3937.455689	.13903
3938.420042	.13918
3939.384396	.13947
3940.348750	.13975
3941.313103	.13975
3942.277457	.13946
3943.241810	.13928
3944.206164	.13934
3945.170517	.13963
3946.134871	.14016
3947.099225	.1403
3948.063578	.13979
3949.027932	.13937
3949.992285	.13912
3950.956639	.13893
3951.920993	.1392
3952.885346	.13964
3953.849700	.13954
3954.814053	.13919
3955.778407	.13912
3956.742761	.13941
3957.707114	.13996
3958.671468	.14024
3959.635821	.14006
3960.600175	.14005
3961.564528	.14029
3962.528882	.14029
3963.493236	.14005
3964.457589	.13976
3965.421943	.13961
3966.386296	.13981
3967.350650	.14002
3968.315004	.1399
3969.279357	.1398
3970.243711	.13997
3971.208064	.14001
3972.172418	.13987
3973.136771	.13993
3974.101125	.14
3975.065479	.14011
3976.029832	.1405
3976.994186	.1403
3977.958539	.13932
3978.922893	.13908
3979.887247	.13991
3980.851600	.14057
3981.815954	.1404
3982.780307	.1399
3983.744661	.13959
3984.709015	.13961
3985.673368	.13992
3986.637722	.14015
3987.602075	.14006
3988.566429	.13971
3989.530782	.13947
3990.495136	.13995
3991.459490	.14089
3992.423843	.14094
3993.388197	.13981
3994.352550	.13895
3995.316904	.13919
3996.281258	.13982
3997.245611	.1405
3998.209965	.14105
3999.174318	.14081
4000.138672	.14002
