499.535156	.12287
500.499510	.12118
501.463863	.11978
502.428217	.11701
503.392571	.11386
504.356924	.11205
505.321278	.11062
506.285631	.10863
507.249985	.10729
508.214339	.1073
509.178692	.10646
510.143046	.10341
511.107399	.10042
512.071753	.098574
513.036106	.09684
514.000460	.095571
514.964814	.09466
515.929167	.093001
516.893521	.091249
517.857874	.090117
518.822228	.088341
519.786582	.085939
520.750935	.084523
521.715289	.084304
522.679642	.084039
523.643996	.082596
524.608349	.080338
525.572703	.078514
526.537057	.077942
527.501410	.077561
528.465764	.075907
529.430117	.074226
530.394471	.074048
531.358825	.074797
532.323178	.075422
533.287532	.074908
534.251885	.073449
535.216239	.072661
536.180593	.072382
537.144946	.07075
538.109300	.068884
539.073653	.069085
540.038007	.069739
541.002360	.069625
541.966714	.070577
542.931068	.072216
543.895421	.072096
544.859775	.069937
545.824128	.067827
546.788482	.066641
547.752836	.065501
548.717189	.064423
549.681543	.064271
550.645896	.065374
551.610250	.066092
552.574603	.065193
553.538957	.064423
554.503311	.064295
555.467664	.063219
556.432018	.061192
557.396371	.060934
558.360725	.063991
559.325079	.066288
560.289432	.064777
561.253786	.062538
562.218139	.062034
563.182493	.063308
564.146846	.065551
565.111200	.066949
566.075554	.067577
567.039907	.068358
568.004261	.06812
568.968614	.066404
569.932968	.064746
570.897322	.064016
571.861675	.063302
572.826029	.062577
573.790382	.063252
574.754736	.064304
575.719090	.063913
576.683443	.063227
577.647797	.063555
578.612150	.064449
579.576504	.064776
580.540857	.064234
581.505211	.064215
582.469565	.064995
583.433918	.064804
584.398272	.063238
585.362625	.062597
586.326979	.06434
587.291333	.066313
588.255686	.066391
589.220040	.065775
590.184393	.06576
591.148747	.065882
592.113100	.065733
593.077454	.064679
594.041808	.063314
595.006161	.063992
595.970515	.066054
596.934868	.06629
597.899222	.064801
598.863576	.064212
599.827929	.065471
600.792283	.06697
601.756636	.066762
602.720990	.066157
603.685343	.067092
604.649697	.067858
605.614051	.067063
606.578404	.066185
607.542758	.066543
608.507111	.067381
609.471465	.067231
610.435819	.066603
611.400172	.066854
612.364526	.068018
613.328879	.069153
614.293233	.069547
615.257587	.069653
616.221940	.070012
617.186294	.070289
618.150647	.070085
619.115001	.06992
620.079354	.070183
621.043708	.070297
622.008062	.07006
622.972415	.069945
623.936769	.069921
624.901122	.069682
625.865476	.069584
626.829830	.070301
627.794183	.071848
628.758537	.073
629.722890	.072211
630.687244	.070646
631.651597	.070606
632.615951	.071391
633.580305	.071584
634.544658	.071641
635.509012	.072307
636.473365	.073486
637.437719	.073847
638.402073	.072649
639.366426	.071611
640.330780	.072204
641.295133	.073594
642.259487	.074164
643.223841	.073816
644.188194	.074209
645.152548	.075146
646.116901	.075183
647.081255	.075182
648.045608	.076039
649.009962	.076822
649.974316	.076655
650.938669	.076173
651.903023	.076523
652.867376	.077416
653.831730	.078199
654.796084	.078813
655.760437	.078821
656.724791	.078317
657.689144	.078339
658.653498	.079194
659.617851	.080039
660.582205	.08012
661.546559	.079804
662.510912	.079813
663.475266	.079751
664.439619	.079174
665.403973	.078649
666.368327	.078409
667.332680	.078717
668.297034	.080615
669.261387	.081016
670.225741	.080989
671.190094	.081613
672.154448	.081716
673.118802	.081556
674.083155	.082149
675.047509	.082735
676.011862	.082462
676.976216	.081889
677.940570	.081862
678.904923	.082442
679.869277	.082685
680.833630	.081844
681.797984	.080673
682.762338	.080748
683.726691	.082139
684.691045	.083169
685.655398	.082909
686.619752	.082327
687.584105	.082502
688.548459	.083418
689.512813	.084337
690.477166	.084679
691.441520	.084954
692.405873	.085048
693.370227	.084262
694.334581	.084087
695.298934	.08519
696.263288	.085565
697.227641	.084788
698.191995	.08426
699.156348	.084389
700.120702	.084618
701.085056	.084467
702.049409	.08397
703.013763	.083605
703.978116	.083949
704.942470	.084908
705.906824	.085358
706.871177	.084859
707.835531	.084343
708.799884	.084074
709.764238	.083895
710.728591	.084267
711.692945	.084954
712.657299	.085426
713.621652	.085633
714.586006	.08528
715.550359	.084829
716.514713	.085244
717.479067	.086095
718.443420	.086585
719.407774	.086426
720.372127	.085586
721.336481	.085242
722.300835	.086026
723.265188	.086648
724.229542	.086182
725.193895	.08546
726.158249	.085491
727.122602	.086032
728.086956	.086713
729.051310	.087305
730.015663	.087525
730.980017	.087751
731.944370	.088053
732.908724	.08803
733.873078	.087842
734.837431	.087902
735.801785	.088114
736.766138	.088197
737.730492	.088524
738.694845	.089127
739.659199	.089174
740.623553	.088651
741.587906	.088622
742.552260	.089392
743.516613	.089885
744.480967	.089663
745.445321	.089663
746.409674	.090265
747.374028	.090767
748.338381	.091133
749.302735	.091932
750.267088	.092611
751.231442	.092523
752.195796	.092341
753.160149	.092544
754.124503	.092716
755.088856	.092626
756.053210	.092572
757.017564	.092823
757.981917	.093126
758.946271	.093088
759.910624	.093134
760.874978	.093793
761.839332	.094433
762.803685	.094655
763.768039	.094865
764.732392	.094917
765.696746	.094657
766.661099	.094394
767.625453	.094446
768.589807	.094941
769.554160	.095493
770.518514	.09592
771.482867	.096345
772.447221	.096668
773.411575	.096952
774.375928	.097134
775.340282	.097178
776.304635	.09724
777.268989	.097151
778.233342	.097181
779.197696	.097672
780.162050	.097919
781.126403	.097665
782.090757	.097339
783.055110	.096402
784.019464	.094854
784.983818	.094288
785.948171	.095084
786.912525	.095928
787.876878	.096131
788.841232	.096031
789.805586	.096092
790.769939	.096226
791.734293	.096136
792.698646	.096104
793.663000	.096205
794.627353	.095909
795.591707	.095155
796.556061	.09472
797.520414	.095171
798.484768	.09569
799.449121	.095286
800.413475	.094565
801.377829	.094552
802.342182	.095118
803.306536	.095344
804.270889	.095031
805.235243	.094836
806.199596	.0946
807.163950	.093843
808.128304	.093177
809.092657	.093128
810.057011	.09357
811.021364	.094291
811.985718	.094433
812.950072	.093457
813.914425	.092667
814.878779	.092981
815.843132	.093078
816.807486	.092451
817.771839	.092731
818.736193	.093857
819.700547	.093922
820.664900	.092882
821.629254	.092198
822.593607	.092675
823.557961	.093672
824.522315	.093772
825.486668	.093339
826.451022	.093688
827.415375	.094322
828.379729	.094687
829.344083	.095356
830.308436	.09619
831.272790	.09633
832.237143	.095881
833.201497	.09608
834.165850	.097014
835.130204	.09768
836.094558	.098134
837.058911	.098642
838.023265	.099117
838.987618	.099783
839.951972	.10057
840.916326	.10135
841.880679	.10219
842.845033	.10283
843.809386	.10311
844.773740	.10352
845.738093	.10442
846.702447	.10556
847.666801	.1064
848.631154	.10667
849.595508	.10708
850.559861	.1082
851.524215	.10926
852.488569	.1097
853.452922	.11022
854.417276	.11099
855.381629	.11153
856.345983	.11197
857.310336	.11241
858.274690	.11297
859.239044	.11397
860.203397	.11474
861.167751	.11462
862.132104	.11461
863.096458	.11545
864.060812	.11646
865.025165	.11734
865.989519	.1181
866.953872	.11841
867.918226	.11874
868.882580	.11945
869.846933	.12021
870.811287	.12119
871.775640	.12207
872.739994	.12222
873.704347	.12239
874.668701	.12313
875.633055	.12362
876.597408	.12343
877.561762	.12319
878.526115	.12359
879.490469	.12446
880.454823	.12535
881.419176	.12632
882.383530	.12707
883.347883	.12726
884.312237	.12745
885.276590	.12803
886.240944	.12862
887.205298	.12897
888.169651	.12921
889.134005	.12953
890.098358	.12999
891.062712	.13084
892.027066	.13185
892.991419	.13247
893.955773	.13296
894.920126	.13371
895.884480	.13414
896.848834	.13387
897.813187	.13392
898.777541	.135
899.741894	.13609
900.706248	.13643
901.670601	.13652
902.634955	.13685
903.599309	.13724
904.563662	.13762
905.528016	.13814
906.492369	.13868
907.456723	.13919
908.421077	.13984
909.385430	.14064
910.349784	.14136
911.314137	.14194
912.278491	.14233
913.242844	.14231
914.207198	.14237
915.171552	.14312
916.135905	.14413
917.100259	.145
918.064612	.14605
919.028966	.14694
919.993320	.14702
920.957673	.14674
921.922027	.14691
922.886380	.14789
923.850734	.14925
924.815087	.15011
925.779441	.15012
926.743795	.14994
927.708148	.15059
928.672502	.1522
929.636855	.1538
930.601209	.15463
931.565563	.15489
932.529916	.1552
933.494270	.15568
934.458623	.15638
935.422977	.15743
936.387331	.15839
937.351684	.15897
938.316038	.15965
939.280391	.16084
940.244745	.16214
941.209098	.16282
942.173452	.16302
943.137806	.16356
944.102159	.16455
945.066513	.16557
946.030866	.16646
946.995220	.16729
947.959574	.16837
948.923927	.16974
949.888281	.17105
950.852634	.17222
951.816988	.17323
952.781341	.17387
953.745695	.17436
954.710049	.17526
955.674402	.17664
956.638756	.17806
957.603109	.17935
958.567463	.18056
959.531817	.18162
960.496170	.18261
961.460524	.1834
962.424877	.18424
963.389231	.18595
964.353584	.18815
965.317938	.18959
966.282292	.19017
967.246645	.19068
968.210999	.1916
969.175352	.19311
970.139706	.19487
971.104060	.19632
972.068413	.19753
973.032767	.19872
973.997120	.19976
974.961474	.20096
975.925828	.20258
976.890181	.2041
977.854535	.20506
978.818888	.2059
979.783242	.20733
980.747595	.20905
981.711949	.21018
982.676303	.21101
983.640656	.21256
984.605010	.21452
985.569363	.21585
986.533717	.21667
987.498071	.21774
988.462424	.21912
989.426778	.22069
990.391131	.22234
991.355485	.22376
992.319838	.22506
993.284192	.22621
994.248546	.2269
995.212899	.22783
996.177253	.22953
997.141606	.23124
998.105960	.23255
999.070314	.23377
1000.034667	.23484
1000.999021	.23565
1001.963374	.23656
1002.927728	.23791
1003.892082	.23965
1004.856435	.24134
1005.820789	.2425
1006.785142	.24342
1007.749496	.24469
1008.713849	.24639
1009.678203	.24807
1010.642557	.24928
1011.606910	.25007
1012.571264	.25108
1013.535617	.25237
1014.499971	.25331
1015.464325	.25405
1016.428678	.25504
1017.393032	.25618
1018.357385	.25739
1019.321739	.25873
1020.286092	.2602
1021.250446	.26162
1022.214800	.26277
1023.179153	.26357
1024.143507	.26436
1025.107860	.26559
1026.072214	.26696
1027.036568	.26804
1028.000921	.26882
1028.965275	.26947
1029.929628	.2704
1030.893982	.27158
1031.858335	.27267
1032.822689	.2736
1033.787043	.27451
1034.751396	.27541
1035.715750	.27633
1036.680103	.2774
1037.644457	.27854
1038.608811	.27932
1039.573164	.28012
1040.537518	.2814
1041.501871	.28247
1042.466225	.28285
1043.430579	.28293
1044.394932	.28336
1045.359286	.28459
1046.323639	.28605
1047.287993	.28691
1048.252346	.28719
1049.216700	.28729
1050.181054	.28765
1051.145407	.28828
1052.109761	.28877
1053.074114	.28922
1054.038468	.29008
1055.002822	.29101
1055.967175	.29149
1056.931529	.29186
1057.895882	.29239
1058.860236	.29298
1059.824589	.29348
1060.788943	.29373
1061.753297	.2938
1062.717650	.29387
1063.682004	.29381
1064.646357	.29376
1065.610711	.29389
1066.575065	.2939
1067.539418	.29365
1068.503772	.2934
1069.468125	.29316
1070.432479	.29268
1071.396832	.292
1072.361186	.29154
1073.325540	.29134
1074.289893	.29103
1075.254247	.29053
1076.218600	.28986
1077.182954	.28902
1078.147308	.28835
1079.111661	.28757
1080.076015	.28639
1081.040368	.28517
1082.004722	.28373
1082.969076	.28209
1083.933429	.28086
1084.897783	.2799
1085.862136	.27849
1086.826490	.27662
1087.790843	.27502
1088.755197	.2739
1089.719551	.27262
1090.683904	.27071
1091.648258	.26834
1092.612611	.26618
1093.576965	.26434
1094.541319	.26235
1095.505672	.26021
1096.470026	.25816
1097.434379	.25611
1098.398733	.25391
1099.363086	.25161
1100.327440	.24944
1101.291794	.24761
1102.256147	.24579
1103.220501	.24366
1104.184854	.24141
1105.149208	.23924
1106.113562	.23726
1107.077915	.23514
1108.042269	.23266
1109.006622	.23025
1109.970976	.22829
1110.935330	.22663
1111.899683	.22463
1112.864037	.22204
1113.828390	.21935
1114.792744	.21708
1115.757097	.21542
1116.721451	.21383
1117.685805	.2118
1118.650158	.2098
1119.614512	.20797
1120.578865	.20591
1121.543219	.20379
1122.507573	.20194
1123.471926	.20035
1124.436280	.19887
1125.400633	.1972
1126.364987	.19528
1127.329340	.19339
1128.293694	.19175
1129.258048	.19023
1130.222401	.18875
1131.186755	.18737
1132.151108	.18576
1133.115462	.18392
1134.079816	.18232
1135.044169	.1808
1136.008523	.17907
1136.972876	.17746
1137.937230	.17613
1138.901583	.17462
1139.865937	.17266
1140.830291	.17087
1141.794644	.16972
1142.758998	.16843
1143.723351	.16658
1144.687705	.165
1145.652059	.16418
1146.616412	.16342
1147.580766	.1622
1148.545119	.1607
1149.509473	.15901
1150.473827	.15732
1151.438180	.1559
1152.402534	.1546
1153.366887	.15322
1154.331241	.15182
1155.295594	.15058
1156.259948	.14945
1157.224302	.1481
1158.188655	.14646
1159.153009	.14487
1160.117362	.14356
1161.081716	.1424
1162.046070	.14113
1163.010423	.13958
1163.974777	.13801
1164.939130	.13667
1165.903484	.13546
1166.867837	.13435
1167.832191	.13323
1168.796545	.1319
1169.760898	.13052
1170.725252	.12931
1171.689605	.12829
1172.653959	.12719
1173.618313	.12584
1174.582666	.12445
1175.547020	.12329
1176.511373	.12212
1177.475727	.12054
1178.440080	.11886
1179.404434	.11758
1180.368788	.11662
1181.333141	.1156
1182.297495	.11442
1183.261848	.11307
1184.226202	.11146
1185.190556	.10968
1186.154909	.1082
1187.119263	.10713
1188.083616	.10601
1189.047970	.1046
1190.012324	.10319
1190.976677	.10207
1191.941031	.10088
1192.905384	.099367
1193.869738	.098021
1194.834091	.096924
1195.798445	.095577
1196.762799	.093976
1197.727152	.092468
1198.691506	.091041
1199.655859	.089505
1200.620213	.087825
1201.584567	.086094
1202.548920	.08455
1203.513274	.08319
1204.477627	.081608
1205.441981	.079817
1206.406334	.078243
1207.370688	.076781
1208.335042	.075111
1209.299395	.073272
1210.263749	.071368
1211.228102	.069476
1212.192456	.067847
1213.156810	.066522
1214.121163	.065058
1215.085517	.063329
1216.049870	.061592
1217.014224	.059836
1217.978578	.057966
1218.942931	.055942
1219.907285	.054
1220.871638	.052417
1221.835992	.050843
1222.800345	.049127
1223.764699	.047659
1224.729053	.046226
1225.693406	.04447
1226.657760	.042712
1227.622113	.041243
1228.586467	.039864
1229.550821	.038127
1230.515174	.036213
1231.479528	.034784
1232.443881	.033595
1233.408235	.032004
1234.372588	.030185
1235.336942	.02883
1236.301296	.028136
1237.265649	.027556
1238.230003	.026698
1239.194356	.025668
1240.158710	.024638
1241.123064	.023582
1242.087417	.022506
1243.051771	.021668
1244.016124	.021109
1244.980478	.020549
1245.944831	.019944
1246.909185	.019501
1247.873539	.019213
1248.837892	.018844
1249.802246	.018327
1250.766599	.017858
1251.730953	.017583
1252.695307	.017441
1253.659660	.017321
1254.624014	.017067
1255.588367	.016662
1256.552721	.016327
1257.517075	.016102
1258.481428	.015729
1259.445782	.01531
1260.410135	.015358
1261.374489	.015656
1262.338842	.015582
1263.303196	.015338
1264.267550	.015477
1265.231903	.015881
1266.196257	.015899
1267.160610	.015584
1268.124964	.015501
1269.089318	.01565
1270.053671	.015807
1271.018025	.015986
1271.982378	.016306
1272.946732	.01658
1273.911085	.016454
1274.875439	.016158
1275.839793	.016095
1276.804146	.016233
1277.768500	.016384
1278.732853	.016446
1279.697207	.016465
1280.661561	.016539
1281.625914	.016583
1282.590268	.016528
1283.554621	.016493
1284.518975	.016528
1285.483328	.016724
1286.447682	.017085
1287.412036	.017162
1288.376389	.016929
1289.340743	.017016
1290.305096	.01737
1291.269450	.017333
1292.233804	.016984
1293.198157	.017018
1294.162511	.017373
1295.126864	.017341
1296.091218	.017133
1297.055572	.017425
1298.019925	.017875
1298.984279	.017976
1299.948632	.017984
1300.912986	.018131
1301.877339	.018283
1302.841693	.018282
1303.806047	.018143
1304.770400	.018155
1305.734754	.018336
1306.699107	.018356
1307.663461	.018347
1308.627815	.018489
1309.592168	.018579
1310.556522	.018675
1311.520875	.01889
1312.485229	.018944
1313.449582	.018757
1314.413936	.018731
1315.378290	.018981
1316.342643	.019154
1317.306997	.019183
1318.271350	.019189
1319.235704	.019091
1320.200058	.019022
1321.164411	.019307
1322.128765	.019856
1323.093118	.02027
1324.057472	.020371
1325.021825	.020341
1325.986179	.020355
1326.950533	.020243
1327.914886	.01998
1328.879240	.019958
1329.843593	.020147
1330.807947	.020146
1331.772301	.02004
1332.736654	.020125
1333.701008	.020275
1334.665361	.02031
1335.629715	.020394
1336.594069	.020488
1337.558422	.020437
1338.522776	.020514
1339.487129	.020766
1340.451483	.020891
1341.415836	.020916
1342.380190	.020969
1343.344544	.021088
1344.308897	.021299
1345.273251	.021458
1346.237604	.021381
1347.201958	.021205
1348.166312	.021274
1349.130665	.021604
1350.095019	.021802
1351.059372	.021687
1352.023726	.021516
1352.988079	.021535
1353.952433	.021717
1354.916787	.021858
1355.881140	.021967
1356.845494	.022313
1357.809847	.022733
1358.774201	.022721
1359.738555	.022491
1360.702908	.022525
1361.667262	.022678
1362.631615	.022789
1363.595969	.022836
1364.560323	.022777
1365.524676	.022752
1366.489030	.022852
1367.453383	.023083
1368.417737	.023397
1369.382090	.023642
1370.346444	.023694
1371.310798	.023597
1372.275151	.023497
1373.239505	.023533
1374.203858	.02374
1375.168212	.023918
1376.132566	.023904
1377.096919	.023811
1378.061273	.023786
1379.025626	.023843
1379.989980	.023773
1380.954333	.02355
1381.918687	.023547
1382.883041	.023828
1383.847394	.023905
1384.811748	.023522
1385.776101	.023083
1386.740455	.023114
1387.704809	.023442
1388.669162	.02352
1389.633516	.02352
1390.597869	.023566
1391.562223	.023415
1392.526576	.023078
1393.490930	.022714
1394.455284	.022629
1395.419637	.023071
1396.383991	.023476
1397.348344	.023268
1398.312698	.022792
1399.277052	.022754
1400.241405	.022985
1401.205759	.023006
1402.170112	.022847
1403.134466	.022637
1404.098820	.022465
1405.063173	.022355
1406.027527	.022293
1406.991880	.022199
1407.956234	.021789
1408.920587	.021266
1409.884941	.021439
1410.849295	.022058
1411.813648	.022058
1412.778002	.021508
1413.742355	.021109
1414.706709	.021024
1415.671063	.021148
1416.635416	.021187
1417.599770	.020853
1418.564123	.020612
1419.528477	.020947
1420.492830	.021083
1421.457184	.020787
1422.421538	.020489
1423.385891	.020415
1424.350245	.020584
1425.314598	.020688
1426.278952	.020647
1427.243306	.020513
1428.207659	.020275
1429.172013	.020259
1430.136366	.02049
1431.100720	.02047
1432.065073	.020193
1433.029427	.019991
1433.993781	.019807
1434.958134	.019613
1435.922488	.01992
1436.886841	.020595
1437.851195	.02053
1438.815549	.02011
1439.779902	.019827
1440.744256	.01961
1441.708609	.019416
1442.672963	.019265
1443.637317	.019259
1444.601670	.019332
1445.566024	.019237
1446.530377	.019132
1447.494731	.019342
1448.459084	.019643
1449.423438	.019574
1450.387792	.019235
1451.352145	.018982
1452.316499	.018976
1453.280852	.019066
1454.245206	.018997
1455.209560	.018715
1456.173913	.018586
1457.138267	.018766
1458.102620	.01872
1459.066974	.018855
1460.031327	.019316
1460.995681	.019525
1461.960035	.019338
1462.924388	.018947
1463.888742	.018806
1464.853095	.019201
1465.817449	.019434
1466.781803	.019195
1467.746156	.018991
1468.710510	.019114
1469.674863	.019337
1470.639217	.0194
1471.603571	.019398
1472.567924	.019496
1473.532278	.019536
1474.496631	.019328
1475.460985	.019271
1476.425338	.019543
1477.389692	.019687
1478.354046	.019692
1479.318399	.019743
1480.282753	.019849
1481.247106	.01996
1482.211460	.019927
1483.175814	.019861
1484.140167	.019873
1485.104521	.019769
1486.068874	.019597
1487.033228	.019667
1487.997581	.019763
1488.961935	.019573
1489.926289	.019571
1490.890642	.020064
1491.854996	.020459
1492.819349	.020556
1493.783703	.020478
1494.748057	.020295
1495.712410	.020372
1496.676764	.020722
1497.641117	.020764
1498.605471	.020788
1499.569824	.021074
1500.534178	.021217
1501.498532	.021038
1502.462885	.020712
1503.427239	.020374
1504.391592	.01994
1505.355946	.019595
1506.320300	.020186
1507.284653	.021319
1508.249007	.021732
1509.213360	.021633
1510.177714	.021272
1511.142068	.021086
1512.106421	.021593
1513.070775	.022153
1514.035128	.022124
1514.999482	.021859
1515.963835	.021648
1516.928189	.02183
1517.892543	.022149
1518.856896	.021825
1519.821250	.021366
1520.785603	.021654
1521.749957	.022288
1522.714311	.022438
1523.678664	.022397
1524.643018	.022412
1525.607371	.022486
1526.571725	.022569
1527.536078	.022856
1528.500432	.023329
1529.464786	.023528
1530.429139	.023417
1531.393493	.023178
1532.357846	.023042
1533.322200	.023478
1534.286554	.024056
1535.250907	.024014
1536.215261	.023689
1537.179614	.023311
1538.143968	.022897
1539.108321	.023149
1540.072675	.02422
1541.037029	.024545
1542.001382	.024275
1542.965736	.024097
1543.930089	.024121
1544.894443	.024295
1545.858797	.024368
1546.823150	.024269
1547.787504	.024123
1548.751857	.024037
1549.716211	.024266
1550.680565	.02476
1551.644918	.024862
1552.609272	.024417
1553.573625	.02424
1554.537979	.024717
1555.502332	.024635
1556.466686	.023947
1557.431040	.023648
1558.395393	.024147
1559.359747	.025127
1560.324100	.026076
1561.288454	.026314
1562.252808	.026161
1563.217161	.025992
1564.181515	.025962
1565.145868	.026255
1566.110222	.026348
1567.074575	.025734
1568.038929	.025083
1569.003283	.025445
1569.967636	.026416
1570.931990	.026599
1571.896343	.026356
1572.860697	.026164
1573.825051	.025905
1574.789404	.025767
1575.753758	.026208
1576.718111	.026812
1577.682465	.026934
1578.646819	.026981
1579.611172	.027059
1580.575526	.027101
1581.539879	.027019
1582.504233	.026785
1583.468586	.02659
1584.432940	.026536
1585.397294	.026759
1586.361647	.027214
1587.326001	.027498
1588.290354	.027439
1589.254708	.027274
1590.219062	.027279
1591.183415	.027511
1592.147769	.02785
1593.112122	.028126
1594.076476	.028357
1595.040829	.028549
1596.005183	.028559
1596.969537	.028529
1597.933890	.028583
1598.898244	.028399
1599.862597	.027962
1600.826951	.027781
1601.791305	.027903
1602.755658	.027976
1603.720012	.028014
1604.684365	.028139
1605.648719	.028382
1606.613072	.028714
1607.577426	.028973
1608.541780	.029093
1609.506133	.029048
1610.470487	.028872
1611.434840	.028844
1612.399194	.028977
1613.363548	.028999
1614.327901	.028789
1615.292255	.028504
1616.256608	.02865
1617.220962	.029212
1618.185316	.029411
1619.149669	.029509
1620.114023	.029716
1621.078376	.029631
1622.042730	.029239
1623.007083	.029219
1623.971437	.02976
1624.935791	.030081
1625.900144	.029961
1626.864498	.029757
1627.828851	.029783
1628.793205	.029885
1629.757559	.029884
1630.721912	.029957
1631.686266	.030077
1632.650619	.029908
1633.614973	.029413
1634.579326	.029166
1635.543680	.029689
1636.508034	.030284
1637.472387	.030558
1638.436741	.030573
1639.401094	.0304
1640.365448	.030451
1641.329802	.030722
1642.294155	.030845
1643.258509	.03071
1644.222862	.03041
1645.187216	.03019
1646.151569	.03028
1647.115923	.030531
1648.080277	.030594
1649.044630	.030291
1650.008984	.029774
1650.973337	.029203
1651.937691	.028798
1652.902045	.02951
1653.866398	.030903
1654.830752	.031348
1655.795105	.031458
1656.759459	.031552
1657.723813	.031535
1658.688166	.031356
1659.652520	.031149
1660.616873	.030889
1661.581227	.030589
1662.545580	.030681
1663.509934	.031047
1664.474288	.03116
1665.438641	.031201
1666.402995	.031096
1667.367348	.030634
1668.331702	.030388
1669.296056	.030808
1670.260409	.031077
1671.224763	.031122
1672.189116	.031535
1673.153470	.031893
1674.117823	.031947
1675.082177	.03194
1676.046531	.031754
1677.010884	.031607
1677.975238	.031734
1678.939591	.031889
1679.903945	.031956
1680.868299	.031733
1681.832652	.030955
1682.797006	.030071
1683.761359	.03018
1684.725713	.031501
1685.690067	.032063
1686.654420	.031968
1687.618774	.032059
1688.583127	.032352
1689.547481	.032651
1690.511834	.03286
1691.476188	.032866
1692.440542	.032801
1693.404895	.032637
1694.369249	.03236
1695.333602	.032396
1696.297956	.032533
1697.262310	.032175
1698.226663	.031779
1699.191017	.03169
1700.155370	.03221
1701.119724	.032542
1702.084077	.032137
1703.048431	.031763
1704.012785	.031804
1704.977138	.032278
1705.941492	.032928
1706.905845	.033211
1707.870199	.032965
1708.834553	.032732
1709.798906	.032899
1710.763260	.033309
1711.727613	.033441
1712.691967	.032901
1713.656320	.032083
1714.620674	.031912
1715.585028	.03221
1716.549381	.032334
1717.513735	.032701
1718.478088	.033014
1719.442442	.03269
1720.406796	.032478
1721.371149	.032695
1722.335503	.033074
1723.299856	.033427
1724.264210	.033555
1725.228564	.033433
1726.192917	.033413
1727.157271	.033544
1728.121624	.033503
1729.085978	.033272
1730.050331	.033238
1731.014685	.033434
1731.979039	.033327
1732.943392	.032882
1733.907746	.032875
1734.872099	.033401
1735.836453	.03354
1736.800807	.033356
1737.765160	.033057
1738.729514	.032788
1739.693867	.032807
1740.658221	.033046
1741.622574	.033171
1742.586928	.033351
1743.551282	.033838
1744.515635	.034236
1745.479989	.034219
1746.444342	.034017
1747.408696	.033868
1748.373050	.033847
1749.337403	.033739
1750.301757	.033466
1751.266110	.033596
1752.230464	.034114
1753.194817	.034276
1754.159171	.033979
1755.123525	.033643
1756.087878	.03375
1757.052232	.034026
1758.016585	.033943
1758.980939	.033736
1759.945293	.033673
1760.909646	.033775
1761.874000	.034075
1762.838353	.034489
1763.802707	.034802
1764.767061	.034958
1765.731414	.034947
1766.695768	.034749
1767.660121	.034579
1768.624475	.034663
1769.588828	.034815
1770.553182	.034654
1771.517536	.034156
1772.481889	.03406
1773.446243	.03443
1774.410596	.034628
1775.374950	.034751
1776.339304	.034856
1777.303657	.034774
1778.268011	.034617
1779.232364	.034547
1780.196718	.034478
1781.161071	.034395
1782.125425	.034418
1783.089779	.034574
1784.054132	.034918
1785.018486	.035306
1785.982839	.035389
1786.947193	.035222
1787.911547	.035118
1788.875900	.035153
1789.840254	.035102
1790.804607	.034753
1791.768961	.034428
1792.733315	.0346
1793.697668	.034791
1794.662022	.034724
1795.626375	.034774
1796.590729	.03487
1797.555082	.034785
1798.519436	.034723
1799.483790	.034921
1800.448143	.035402
1801.412497	.035858
1802.376850	.035901
1803.341204	.035606
1804.305558	.035415
1805.269911	.035531
1806.234265	.035766
1807.198618	.035847
1808.162972	.035707
1809.127325	.03555
1810.091679	.035578
1811.056033	.035614
1812.020386	.035493
1812.984740	.035389
1813.949093	.035308
1814.913447	.035093
1815.877801	.034915
1816.842154	.035108
1817.806508	.035526
1818.770861	.035778
1819.735215	.035749
1820.699568	.035597
1821.663922	.035532
1822.628276	.035501
1823.592629	.035427
1824.556983	.035595
1825.521336	.036057
1826.485690	.036238
1827.450044	.035999
1828.414397	.035745
1829.378751	.035639
1830.343104	.03567
1831.307458	.03582
1832.271812	.0359
1833.236165	.035826
1834.200519	.03569
1835.164872	.035532
1836.129226	.035383
1837.093579	.035362
1838.057933	.035567
1839.022287	.035837
1839.986640	.035956
1840.950994	.036092
1841.915347	.03628
1842.879701	.036292
1843.844055	.036303
1844.808408	.036512
1845.772762	.036729
1846.737115	.036959
1847.701469	.037264
1848.665822	.037407
1849.630176	.037219
1850.594530	.037021
1851.558883	.037006
1852.523237	.037003
1853.487590	.036979
1854.451944	.036926
1855.416298	.036687
1856.380651	.036229
1857.345005	.035945
1858.309358	.036111
1859.273712	.036322
1860.238065	.036237
1861.202419	.036168
1862.166773	.036401
1863.131126	.036705
1864.095480	.036791
1865.059833	.036759
1866.024187	.036932
1866.988541	.037238
1867.952894	.037325
1868.917248	.037247
1869.881601	.037107
1870.845955	.036948
1871.810309	.036925
1872.774662	.037047
1873.739016	.037132
1874.703369	.036939
1875.667723	.036611
1876.632076	.036559
1877.596430	.036756
1878.560784	.036884
1879.525137	.036869
1880.489491	.036875
1881.453844	.037096
1882.418198	.037498
1883.382552	.037698
1884.346905	.03763
1885.311259	.037638
1886.275612	.037756
1887.239966	.037872
1888.204319	.037981
1889.168673	.038013
1890.133027	.038025
1891.097380	.038052
1892.061734	.037923
1893.026087	.037718
1893.990441	.037628
1894.954795	.037466
1895.919148	.037149
1896.883502	.036973
1897.847855	.037081
1898.812209	.037345
1899.776562	.037501
1900.740916	.037492
1901.705270	.037609
1902.669623	.037952
1903.633977	.038311
1904.598330	.038416
1905.562684	.038281
1906.527038	.038372
1907.491391	.038749
1908.455745	.038977
1909.420098	.038974
1910.384452	.03889
1911.348806	.038851
1912.313159	.038829
1913.277513	.038545
1914.241866	.037935
1915.206220	.037417
1916.170573	.037267
1917.134927	.037351
1918.099281	.037529
1919.063634	.037614
1920.027988	.037546
1920.992341	.037461
1921.956695	.037499
1922.921049	.03779
1923.885402	.038207
1924.849756	.038532
1925.814109	.038724
1926.778463	.038875
1927.742816	.039126
1928.707170	.039422
1929.671524	.039616
1930.635877	.039622
1931.600231	.039489
1932.564584	.039363
1933.528938	.039229
1934.493292	.039036
1935.457645	.038852
1936.421999	.038638
1937.386352	.038299
1938.350706	.037994
1939.315060	.03789
1940.279413	.037881
1941.243767	.037968
1942.208120	.038436
1943.172474	.039001
1944.136827	.039028
1945.101181	.03897
1946.065535	.039433
1947.029888	.039942
1947.994242	.039982
1948.958595	.039856
1949.922949	.040032
1950.887303	.040356
1951.851656	.040345
1952.816010	.039991
1953.780363	.039663
1954.744717	.039505
1955.709070	.03936
1956.673424	.039093
1957.637778	.038764
1958.602131	.038587
1959.566485	.038569
1960.530838	.038498
1961.495192	.038424
1962.459546	.038582
1963.423899	.039018
1964.388253	.039532
1965.352606	.039852
1966.316960	.039935
1967.281313	.039953
1968.245667	.04007
1969.210021	.040391
1970.174374	.040903
1971.138728	.041347
1972.103081	.041351
1973.067435	.040953
1974.031789	.04065
1974.996142	.040595
1975.960496	.040461
1976.924849	.040171
1977.889203	.03993
1978.853557	.039792
1979.817910	.039688
1980.782264	.039541
1981.746617	.039398
1982.710971	.039507
1983.675324	.039838
1984.639678	.04012
1985.604032	.040356
1986.568385	.04066
1987.532739	.041026
1988.497092	.041292
1989.461446	.041376
1990.425800	.041507
1991.390153	.041802
1992.354507	.042081
1993.318860	.042132
1994.283214	.041865
1995.247567	.041453
1996.211921	.041304
1997.176275	.041426
1998.140628	.041333
1999.104982	.040998
2000.069335	.040737
2001.033689	.040439
2001.998043	.040061
2002.962396	.039866
2003.926750	.039945
2004.891103	.040307
2005.855457	.040803
2006.819810	.041252
2007.784164	.041807
2008.748518	.042366
2009.712871	.042725
2010.677225	.043145
2011.641578	.043571
2012.605932	.043688
2013.570286	.043663
2014.534639	.043663
2015.498993	.043537
2016.463346	.043199
2017.427700	.042822
2018.392054	.042613
2019.356407	.042446
2020.320761	.04207
2021.285114	.04155
2022.249468	.041177
2023.213821	.041093
2024.178175	.041155
2025.142529	.041209
2026.106882	.041328
2027.071236	.041784
2028.035589	.042506
2028.999943	.043001
2029.964297	.043396
2030.928650	.044037
2031.893004	.04456
2032.857357	.044734
2033.821711	.044879
2034.786064	.045108
2035.750418	.045074
2036.714772	.04465
2037.679125	.044191
2038.643479	.043825
2039.607832	.043443
2040.572186	.043108
2041.536540	.042834
2042.500893	.042579
2043.465247	.042457
2044.429600	.042477
2045.393954	.042473
2046.358308	.04247
2047.322661	.042668
2048.287015	.043105
2049.251368	.043679
2050.215722	.044321
2051.180075	.044929
2052.144429	.045459
2053.108783	.045884
2054.073136	.046076
2055.037490	.046018
2056.001843	.045795
2056.966197	.045535
2057.930551	.045361
2058.894904	.045157
2059.859258	.044829
2060.823611	.044537
2061.787965	.044213
2062.752318	.043675
2063.716672	.043202
2064.681026	.043067
2065.645379	.04313
2066.609733	.043214
2067.574086	.043441
2068.538440	.044016
2069.502794	.04461
2070.467147	.044935
2071.431501	.045339
2072.395854	.046003
2073.360208	.046648
2074.324561	.047052
2075.288915	.047315
2076.253269	.047419
2077.217622	.047209
2078.181976	.046963
2079.146329	.046823
2080.110683	.046556
2081.075037	.046284
2082.039390	.046071
2083.003744	.04566
2083.968097	.045043
2084.932451	.044459
2085.896805	.044167
2086.861158	.044152
2087.825512	.044258
2088.789865	.044661
2089.754219	.045355
2090.718572	.045864
2091.682926	.046126
2092.647280	.046575
2093.611633	.047226
2094.575987	.047809
2095.540340	.0483
2096.504694	.048609
2097.469048	.048688
2098.433401	.048718
2099.397755	.048657
2100.362108	.048352
2101.326462	.047805
2102.290815	.047164
2103.255169	.046646
2104.219523	.046221
2105.183876	.045727
2106.148230	.045251
2107.112583	.045025
2108.076937	.04512
2109.041291	.045418
2110.005644	.045764
2110.969998	.046081
2111.934351	.046497
2112.898705	.047106
2113.863058	.047799
2114.827412	.048539
2115.791766	.049182
2116.756119	.049493
2117.720473	.049676
2118.684826	.049945
2119.649180	.050049
2120.613534	.049843
2121.577887	.049584
2122.542241	.049407
2123.506594	.049124
2124.470948	.048577
2125.435302	.047804
2126.399655	.04705
2127.364009	.046621
2128.328362	.046559
2129.292716	.046626
2130.257069	.046529
2131.221423	.046402
2132.185777	.046786
2133.150130	.047659
2134.114484	.04842
2135.078837	.04894
2136.043191	.049486
2137.007545	.049992
2137.971898	.050433
2138.936252	.050955
2139.900605	.051385
2140.864959	.051635
2141.829312	.051788
2142.793666	.051596
2143.758020	.05096
2144.722373	.050247
2145.686727	.049672
2146.651080	.049165
2147.615434	.048689
2148.579788	.048244
2149.544141	.047921
2150.508495	.047831
2151.472848	.047951
2152.437202	.048253
2153.401556	.048617
2154.365909	.048924
2155.330263	.049203
2156.294616	.049655
2157.258970	.050626
2158.223323	.051772
2159.187677	.052238
2160.152031	.052141
2161.116384	.052242
2162.080738	.052606
2163.045091	.052833
2164.009445	.052774
2164.973799	.052383
2165.938152	.051779
2166.902506	.051157
2167.866859	.050412
2168.831213	.049662
2169.795566	.049312
2170.759920	.049243
2171.724274	.049066
2172.688627	.048876
2173.652981	.048958
2174.617334	.049292
2175.581688	.049771
2176.546042	.050392
2177.510395	.051083
2178.474749	.051732
2179.439102	.052322
2180.403456	.052923
2181.367809	.053671
2182.332163	.054357
2183.296517	.054554
2184.260870	.05437
2185.225224	.054168
2186.189577	.054069
2187.153931	.053979
2188.118285	.053692
2189.082638	.053148
2190.046992	.052442
2191.011345	.051758
2191.975699	.051208
2192.940053	.050711
2193.904406	.050284
2194.868760	.050184
2195.833113	.050458
2196.797467	.050771
2197.761820	.051151
2198.726174	.052009
2199.690528	.053178
2200.654881	.054007
2201.619235	.054412
2202.583588	.054902
2203.547942	.055545
2204.512296	.05603
2205.476649	.056278
2206.441003	.056255
2207.405356	.055894
2208.369710	.055318
2209.334063	.054776
2210.298417	.054223
2211.262771	.053498
2212.227124	.052932
2213.191478	.052698
2214.155831	.05226
2215.120185	.051526
2216.084539	.051242
2217.048892	.051575
2218.013246	.052066
2218.977599	.052696
2219.941953	.053541
2220.906306	.054364
2221.870660	.055044
2222.835014	.055751
2223.799367	.056553
2224.763721	.057164
2225.728074	.057464
2226.692428	.057662
2227.656782	.057808
2228.621135	.057711
2229.585489	.057271
2230.549842	.056716
2231.514196	.05635
2232.478550	.056009
2233.442903	.055266
2234.407257	.054256
2235.371610	.053527
2236.335964	.053136
2237.300317	.052871
2238.264671	.052856
2239.229025	.053183
2240.193378	.05366
2241.157732	.054153
2242.122085	.054819
2243.086439	.055803
2244.050793	.056823
2245.015146	.057615
2245.979500	.058162
2246.943853	.058524
2247.908207	.05892
2248.872560	.059314
2249.836914	.059433
2250.801268	.059279
2251.765621	.058859
2252.729975	.058099
2253.694328	.057191
2254.658682	.056451
2255.623036	.055923
2256.587389	.055433
2257.551743	.054928
2258.516096	.054579
2259.480450	.054531
2260.444804	.054606
2261.409157	.054662
2262.373511	.055069
2263.337864	.056086
2264.302218	.05724
2265.266571	.057914
2266.230925	.058224
2267.195279	.058705
2268.159632	.059362
2269.123986	.059967
2270.088339	.060532
2271.052693	.06078
2272.017047	.060491
2272.981400	.059953
2273.945754	.059445
2274.910107	.058894
2275.874461	.058098
2276.838814	.057219
2277.803168	.056523
2278.767522	.055954
2279.731875	.055547
2280.696229	.0553
2281.660582	.055156
2282.624936	.055377
2283.589290	.056041
2284.553643	.056819
2285.517997	.057444
2286.482350	.057991
2287.446704	.058666
2288.411057	.059347
2289.375411	.059807
2290.339765	.060212
2291.304118	.060822
2292.268472	.061475
2293.232825	.061681
2294.197179	.06127
2295.161533	.060688
2296.125886	.060166
2297.090240	.059422
2298.054593	.058432
2299.018947	.05752
2299.983301	.05679
2300.947654	.056249
2301.912008	.056069
2302.876361	.055927
2303.840715	.055359
2304.805068	.055129
2305.769422	.055949
2306.733776	.056999
2307.698129	.057607
2308.662483	.058192
2309.626836	.059015
2310.591190	.059825
2311.555544	.060405
2312.519897	.060727
2313.484251	.060933
2314.448604	.061089
2315.412958	.06103
2316.377311	.060969
2317.341665	.061209
2318.306019	.06094
2319.270372	.059311
2320.234726	.057327
2321.199079	.056351
2322.163433	.05605
2323.127787	.055588
2324.092140	.055334
2325.056494	.055623
2326.020847	.055925
2326.985201	.056218
2327.949554	.05668
2328.913908	.056658
2329.878262	.056366
2330.842615	.057236
2331.806969	.058965
2332.771322	.060187
2333.735676	.060937
2334.700030	.061415
2335.664383	.061836
2336.628737	.062451
2337.593090	.062405
2338.557444	.061281
2339.521798	.059859
2340.486151	.05904
2341.450505	.058943
2342.414858	.058455
2343.379212	.057148
2344.343565	.056464
2345.307919	.057156
2346.272273	.057851
2347.236626	.057476
2348.200980	.056788
2349.165333	.056507
2350.129687	.056268
2351.094041	.056008
2352.058394	.056569
2353.022748	.058076
2353.987101	.059641
2354.951455	.059735
2355.915808	.058462
2356.880162	.058805
2357.844516	.061004
2358.808869	.062063
2359.773223	.061953
2360.737576	.062236
2361.701930	.061278
2362.666284	.058941
2363.630637	.058202
2364.594991	.0588
2365.559344	.058299
2366.523698	.056346
2367.488052	.054936
2368.452405	.05563
2369.416759	.057083
2370.381112	.057934
2371.345466	.058222
2372.309819	.058255
2373.274173	.058686
2374.238527	.059512
2375.202880	.060203
2376.167234	.060841
2377.131587	.061541
2378.095941	.062358
2379.060295	.063204
2380.024648	.063708
2380.989002	.06403
2381.953355	.064364
2382.917709	.064374
2383.882062	.063939
2384.846416	.063229
2385.810770	.062293
2386.775123	.061224
2387.739477	.060301
2388.703830	.059677
2389.668184	.059284
2390.632538	.059107
2391.596891	.059104
2392.561245	.059277
2393.525598	.059637
2394.489952	.060035
2395.454305	.060551
2396.418659	.061322
2397.383013	.062114
2398.347366	.062689
2399.311720	.063175
2400.276073	.063777
2401.240427	.06432
2402.204781	.064562
2403.169134	.064588
2404.133488	.064484
2405.097841	.064327
2406.062195	.064092
2407.026549	.06348
2407.990902	.062578
2408.955256	.061894
2409.919609	.061486
2410.883963	.061015
2411.848316	.060427
2412.812670	.059991
2413.777024	.05979
2414.741377	.05962
2415.705731	.059477
2416.670084	.059759
2417.634438	.060655
2418.598792	.061614
2419.563145	.0622
2420.527499	.062785
2421.491852	.063597
2422.456206	.064289
2423.420559	.064711
2424.384913	.064985
2425.349267	.065147
2426.313620	.065194
2427.277974	.065057
2428.242327	.064684
2429.206681	.064097
2430.171035	.063206
2431.135388	.062088
2432.099742	.061191
2433.064095	.060795
2434.028449	.060659
2434.992802	.060428
2435.957156	.060131
2436.921510	.060031
2437.885863	.060237
2438.850217	.060584
2439.814570	.060886
2440.778924	.061354
2441.743278	.062223
2442.707631	.063175
2443.671985	.063858
2444.636338	.064385
2445.600692	.064957
2446.565046	.065515
2447.529399	.06574
2448.493753	.06548
2449.458106	.065013
2450.422460	.064563
2451.386813	.064032
2452.351167	.063328
2453.315521	.062488
2454.279874	.061662
2455.244228	.061022
2456.208581	.060515
2457.172935	.060137
2458.137289	.060097
2459.101642	.060341
2460.065996	.060571
2461.030349	.060773
2461.994703	.061162
2462.959056	.06174
2463.923410	.062349
2464.887764	.063079
2465.852117	.064006
2466.816471	.064823
2467.780824	.065344
2468.745178	.065725
2469.709532	.065956
2470.673885	.065936
2471.638239	.065693
2472.602592	.065277
2473.566946	.064677
2474.531300	.063848
2475.495653	.062978
2476.460007	.062236
2477.424360	.061522
2478.388714	.060882
2479.353067	.060425
2480.317421	.060163
2481.281775	.060141
2482.246128	.060353
2483.210482	.060757
2484.174835	.0613
2485.139189	.06191
2486.103543	.062631
2487.067896	.063473
2488.032250	.064218
2488.996603	.064783
2489.960957	.065396
2490.925310	.066005
2491.889664	.066251
2492.854018	.066118
2493.818371	.065901
2494.782725	.065697
2495.747078	.065338
2496.711432	.064722
2497.675786	.063907
2498.640139	.062976
2499.604493	.062189
2500.568846	.061709
2501.533200	.061356
2502.497553	.061132
2503.461907	.061071
2504.426261	.060966
2505.390614	.060903
2506.354968	.061269
2507.319321	.062076
2508.283675	.06292
2509.248029	.063677
2510.212382	.064458
2511.176736	.065164
2512.141089	.065535
2513.105443	.065587
2514.069797	.065799
2515.034150	.066252
2515.998504	.066421
2516.962857	.066088
2517.927211	.065542
2518.891564	.065012
2519.855918	.064391
2520.820272	.063617
2521.784625	.062868
2522.748979	.06237
2523.713332	.062198
2524.677686	.062189
2525.642040	.062096
2526.606393	.061827
2527.570747	.061678
2528.535100	.061948
2529.499454	.062572
2530.463807	.063381
2531.428161	.064215
2532.392515	.064951
2533.356868	.065537
2534.321222	.065997
2535.285575	.06647
2536.249929	.066946
2537.214283	.067063
2538.178636	.066734
2539.142990	.066494
2540.107343	.066566
2541.071697	.066458
2542.036050	.065727
2543.000404	.064588
2543.964758	.063638
2544.929111	.063008
2545.893465	.062522
2546.857818	.062241
2547.822172	.062156
2548.786526	.062055
2549.750879	.06185
2550.715233	.061898
2551.679586	.062556
2552.643940	.06351
2553.608294	.06432
2554.572647	.064998
2555.537001	.065612
2556.501354	.066098
2557.465708	.066582
2558.430061	.067202
2559.394415	.067625
2560.358769	.067544
2561.323122	.067289
2562.287476	.067107
2563.251829	.066781
2564.216183	.066234
2565.180537	.065444
2566.144890	.064493
2567.109244	.063905
2568.073597	.063771
2569.037951	.063432
2570.002304	.062722
2570.966658	.062361
2571.931012	.062685
2572.895365	.063136
2573.859719	.063389
2574.824072	.063691
2575.788426	.064341
2576.752780	.065323
2577.717133	.066205
2578.681487	.066666
2579.645840	.06681
2580.610194	.067015
2581.574547	.067481
2582.538901	.067821
2583.503255	.067693
2584.467608	.067295
2585.431962	.066812
2586.396315	.066199
2587.360669	.065563
2588.325023	.064948
2589.289376	.064253
2590.253730	.063611
2591.218083	.063165
2592.182437	.062951
2593.146791	.062932
2594.111144	.062811
2595.075498	.062611
2596.039851	.062907
2597.004205	.063769
2597.968558	.064594
2598.932912	.065205
2599.897266	.065887
2600.861619	.066744
2601.825973	.067594
2602.790326	.068085
2603.754680	.068117
2604.719034	.068036
2605.683387	.068043
2606.647741	.067882
2607.612094	.067373
2608.576448	.066713
2609.540801	.066107
2610.505155	.065524
2611.469509	.064826
2612.433862	.0641
2613.398216	.063634
2614.362569	.063317
2615.326923	.062914
2616.291277	.062677
2617.255630	.062793
2618.219984	.06311
2619.184337	.063563
2620.148691	.06417
2621.113045	.06493
2622.077398	.065779
2623.041752	.066577
2624.006105	.067129
2624.970459	.067404
2625.934812	.06766
2626.899166	.067929
2627.863520	.067943
2628.827873	.067692
2629.792227	.067421
2630.756580	.067133
2631.720934	.066592
2632.685288	.065761
2633.649641	.064775
2634.613995	.063925
2635.578348	.06347
2636.542702	.063172
2637.507055	.062746
2638.471409	.062337
2639.435763	.062293
2640.400116	.062753
2641.364470	.063382
2642.328823	.063927
2643.293177	.064452
2644.257531	.064915
2645.221884	.065457
2646.186238	.066252
2647.150591	.066994
2648.114945	.067446
2649.079298	.067607
2650.043652	.067453
2651.008006	.067196
2651.972359	.06706
2652.936713	.066853
2653.901066	.066409
2654.865420	.065844
2655.829774	.065155
2656.794127	.064467
2657.758481	.064045
2658.722834	.063656
2659.687188	.063135
2660.651542	.0628
2661.615895	.062608
2662.580249	.062359
2663.544602	.062322
2664.508956	.062655
2665.473309	.063166
2666.437663	.063879
2667.402017	.064873
2668.366370	.065795
2669.330724	.066337
2670.295077	.066583
2671.259431	.066636
2672.223785	.066554
2673.188138	.06651
2674.152492	.066596
2675.116845	.066551
2676.081199	.066096
2677.045552	.065393
2678.009906	.064632
2678.974260	.063988
2679.938613	.063822
2680.902967	.06382
2681.867320	.063288
2682.831674	.062459
2683.796028	.062007
2684.760381	.062054
2685.724735	.062383
2686.689088	.062726
2687.653442	.062963
2688.617795	.063316
2689.582149	.063944
2690.546503	.064644
2691.510856	.065241
2692.475210	.065709
2693.439563	.066035
2694.403917	.066343
2695.368271	.066633
2696.332624	.066607
2697.296978	.066149
2698.261331	.065512
2699.225685	.065042
2700.190039	.064784
2701.154392	.064488
2702.118746	.064029
2703.083099	.06344
2704.047453	.062778
2705.011806	.062246
2705.976160	.061975
2706.940514	.061828
2707.904867	.061811
2708.869221	.062008
2709.833574	.062283
2710.797928	.062659
2711.762282	.063242
2712.726635	.063894
2713.690989	.064601
2714.655342	.065281
2715.619696	.065674
2716.584049	.065948
2717.548403	.066256
2718.512757	.066364
2719.477110	.066247
2720.441464	.066064
2721.405817	.065934
2722.370171	.06576
2723.334525	.065216
2724.298878	.064263
2725.263232	.063422
2726.227585	.063195
2727.191939	.063185
2728.156293	.062808
2729.120646	.062305
2730.085000	.062065
2731.049353	.062197
2732.013707	.062553
2732.978060	.062787
2733.942414	.063024
2734.906768	.063605
2735.871121	.064195
2736.835475	.064408
2737.799828	.064688
2738.764182	.065324
2739.728536	.065821
2740.692889	.066023
2741.657243	.066219
2742.621596	.06643
2743.585950	.066536
2744.550303	.066409
2745.514657	.065975
2746.479011	.065428
2747.443364	.064972
2748.407718	.064455
2749.372071	.063683
2750.336425	.06293
2751.300779	.062573
2752.265132	.062549
2753.229486	.062607
2754.193839	.062668
2755.158193	.062798
2756.122546	.063039
2757.086900	.063402
2758.051254	.064009
2759.015607	.064851
2759.979961	.065581
2760.944314	.066133
2761.908668	.066763
2762.873022	.067352
2763.837375	.067628
2764.801729	.067504
2765.766082	.067246
2766.730436	.067272
2767.694790	.067359
2768.659143	.067075
2769.623497	.066353
2770.587850	.065385
2771.552204	.064561
2772.516557	.063975
2773.480911	.063544
2774.445265	.063294
2775.409618	.063119
2776.373972	.063054
2777.338325	.063261
2778.302679	.063671
2779.267033	.064302
2780.231386	.065107
2781.195740	.06557
2782.160093	.065683
2783.124447	.066091
2784.088800	.066766
2785.053154	.067221
2786.017508	.067369
2786.981861	.067391
2787.946215	.067418
2788.910568	.067521
2789.874922	.067588
2790.839276	.067269
2791.803629	.066551
2792.767983	.065919
2793.732336	.065524
2794.696690	.065042
2795.661043	.064573
2796.625397	.064395
2797.589751	.064187
2798.554104	.063797
2799.518458	.063664
2800.482811	.064069
2801.447165	.064716
2802.411519	.065248
2803.375872	.065806
2804.340226	.066368
2805.304579	.066678
2806.268933	.066953
2807.233287	.067513
2808.197640	.06829
2809.161994	.068837
2810.126347	.068724
2811.090701	.068265
2812.055054	.06806
2813.019408	.067912
2813.983762	.067395
2814.948115	.066693
2815.912469	.06622
2816.876822	.066034
2817.841176	.065698
2818.805530	.065158
2819.769883	.064921
2820.734237	.064955
2821.698590	.064887
2822.662944	.06477
2823.627297	.064925
2824.591651	.065454
2825.556005	.066161
2826.520358	.066944
2827.484712	.067709
2828.449065	.068075
2829.413419	.068052
2830.377773	.068301
2831.342126	.068863
2832.306480	.06913
2833.270833	.06914
2834.235187	.069154
2835.199541	.069035
2836.163894	.0689
2837.128248	.068892
2838.092601	.068635
2839.056955	.067996
2840.021308	.067278
2840.985662	.066528
2841.950016	.065853
2842.914369	.065508
2843.878723	.065345
2844.843076	.065228
2845.807430	.06524
2846.771784	.065338
2847.736137	.065542
2848.700491	.066039
2849.664844	.066875
2850.629198	.067693
2851.593551	.068084
2852.557905	.068273
2853.522259	.068816
2854.486612	.069691
2855.450966	.07027
2856.415319	.070238
2857.379673	.069833
2858.344027	.069348
2859.308380	.069035
2860.272734	.0688
2861.237087	.068412
2862.201441	.068026
2863.165794	.067699
2864.130148	.067246
2865.094502	.066692
2866.058855	.066374
2867.023209	.066356
2867.987562	.066303
2868.951916	.066315
2869.916270	.066626
2870.880623	.067014
2871.844977	.06747
2872.809330	.068127
2873.773684	.068617
2874.738038	.068909
2875.702391	.069505
2876.666745	.07019
2877.631098	.070557
2878.595452	.070779
2879.559805	.070912
2880.524159	.070839
2881.488513	.070545
2882.452866	.07007
2883.417220	.069518
2884.381573	.068963
2885.345927	.068376
2886.310281	.067831
2887.274634	.06737
2888.238988	.066937
2889.203341	.066914
2890.167695	.067303
2891.132048	.067334
2892.096402	.067131
2893.060756	.06752
2894.025109	.068278
2894.989463	.068613
2895.953816	.068676
2896.918170	.069201
2897.882524	.070173
2898.846877	.070928
2899.811231	.071229
2900.775584	.071417
2901.739938	.071635
2902.704291	.071638
2903.668645	.071416
2904.632999	.071215
2905.597352	.070863
2906.561706	.070202
2907.526059	.06962
2908.490413	.069156
2909.454767	.068536
2910.419120	.067919
2911.383474	.067512
2912.347827	.067276
2913.312181	.066935
2914.276535	.066482
2915.240888	.066704
2916.205242	.067826
2917.169595	.068802
2918.133949	.06908
2919.098302	.069265
2920.062656	.06976
2921.027010	.07026
2921.991363	.070615
2922.955717	.071029
2923.920070	.071483
2924.884424	.071835
2925.848778	.0721
2926.813131	.072064
2927.777485	.071443
2928.741838	.070646
2929.706192	.070249
2930.670545	.070044
2931.634899	.069655
2932.599253	.069129
2933.563606	.068508
2934.527960	.067924
2935.492313	.067708
2936.456667	.067882
2937.421021	.068161
2938.385374	.068284
2939.349728	.068378
2940.314081	.068893
2941.278435	.069681
2942.242789	.070174
2943.207142	.070569
2944.171496	.071234
2945.135849	.071861
2946.100203	.072219
2947.064556	.072416
2948.028910	.072514
2948.993264	.072533
2949.957617	.072394
2950.921971	.072031
2951.886324	.07154
2952.850678	.071126
2953.815032	.070812
2954.779385	.070295
2955.743739	.06949
2956.708092	.068773
2957.672446	.068626
2958.636799	.068905
2959.601153	.068932
2960.565507	.068876
2961.529860	.069259
2962.494214	.069669
2963.458567	.069847
2964.422921	.070309
2965.387275	.071043
2966.351628	.071611
2967.315982	.072087
2968.280335	.072528
2969.244689	.072795
2970.209042	.072841
2971.173396	.072715
2972.137750	.072716
2973.102103	.072841
2974.066457	.07262
2975.030810	.071956
2975.995164	.071133
2976.959518	.070374
2977.923871	.069972
2978.888225	.07003
2979.852578	.0701
2980.816932	.069923
2981.781286	.069639
2982.745639	.06936
2983.709993	.069318
2984.674346	.069577
2985.638700	.069845
2986.603053	.070099
2987.567407	.070618
2988.531761	.071305
2989.496114	.071769
2990.460468	.072031
2991.424821	.07246
2992.389175	.073078
2993.353529	.073417
2994.317882	.073308
2995.282236	.073093
2996.246589	.072981
2997.210943	.072953
2998.175296	.07277
2999.139650	.072237
3000.104004	.071652
3001.068357	.071229
3002.032711	.07075
3002.997064	.070138
3003.961418	.069596
3004.925772	.06937
3005.890125	.069579
3006.854479	.069911
3007.818832	.069934
3008.783186	.069914
3009.747539	.070421
3010.711893	.071266
3011.676247	.071889
3012.640600	.072177
3013.604954	.07235
3014.569307	.072715
3015.533661	.073234
3016.498015	.073606
3017.462368	.073813
3018.426722	.073806
3019.391075	.073375
3020.355429	.07261
3021.319783	.071944
3022.284136	.071678
3023.248490	.071637
3024.212843	.071399
3025.177197	.070771
3026.141550	.070174
3027.105904	.069855
3028.070258	.069616
3029.034611	.069796
3029.998965	.070492
3030.963318	.070924
3031.927672	.070825
3032.892026	.070719
3033.856379	.070989
3034.820733	.071558
3035.785086	.072138
3036.749440	.072707
3037.713793	.073382
3038.678147	.0739
3039.642501	.073995
3040.606854	.073783
3041.571208	.073464
3042.535561	.073193
3043.499915	.072994
3044.464269	.072513
3045.428622	.071637
3046.392976	.071096
3047.357329	.071195
3048.321683	.071157
3049.286037	.070708
3050.250390	.070368
3051.214744	.070364
3052.179097	.070446
3053.143451	.07025
3054.107804	.070027
3055.072158	.070457
3056.036512	.071347
3057.000865	.071937
3057.965219	.072198
3058.929572	.072628
3059.893926	.073185
3060.858280	.073371
3061.822633	.073171
3062.786987	.07288
3063.751340	.072664
3064.715694	.072723
3065.680047	.072996
3066.644401	.073062
3067.608755	.072585
3068.573108	.071877
3069.537462	.071436
3070.501815	.07107
3071.466169	.07064
3072.430523	.070345
3073.394876	.070053
3074.359230	.069833
3075.323583	.070114
3076.287937	.070676
3077.252290	.070782
3078.216644	.070412
3079.180998	.070306
3080.145351	.070808
3081.109705	.071464
3082.074058	.071996
3083.038412	.072674
3084.002766	.073327
3084.967119	.073414
3085.931473	.073092
3086.895826	.073006
3087.860180	.073155
3088.824534	.072956
3089.788887	.072478
3090.753241	.072279
3091.717594	.072198
3092.681948	.071735
3093.646301	.071016
3094.610655	.070458
3095.575009	.070278
3096.539362	.070365
3097.503716	.070278
3098.468069	.070145
3099.432423	.070496
3100.396777	.070929
3101.361130	.070896
3102.325484	.070817
3103.289837	.071217
3104.254191	.072003
3105.218544	.072683
3106.182898	.07296
3107.147252	.073131
3108.111605	.073396
3109.075959	.073451
3110.040312	.073266
3111.004666	.072983
3111.969020	.072642
3112.933373	.072485
3113.897727	.072442
3114.862080	.072142
3115.826434	.071581
3116.790787	.071039
3117.755141	.070742
3118.719495	.070684
3119.683848	.070606
3120.648202	.070347
3121.612555	.070117
3122.576909	.070081
3123.541263	.070186
3124.505616	.070449
3125.469970	.070762
3126.434323	.071024
3127.398677	.071459
3128.363031	.07217
3129.327384	.072746
3130.291738	.07278
3131.256091	.072596
3132.220445	.072835
3133.184798	.073347
3134.149152	.073405
3135.113506	.072915
3136.077859	.072392
3137.042213	.07209
3138.006566	.071908
3138.970920	.071652
3139.935274	.071249
3140.899627	.070847
3141.863981	.070648
3142.828334	.070654
3143.792688	.070632
3144.757041	.070612
3145.721395	.070716
3146.685749	.070683
3147.650102	.070692
3148.614456	.071144
3149.578809	.071595
3150.543163	.071881
3151.507517	.072432
3152.471870	.072823
3153.436224	.072632
3154.400577	.07248
3155.364931	.072754
3156.329284	.073116
3157.293638	.073224
3158.257992	.073068
3159.222345	.072763
3160.186699	.072271
3161.151052	.071642
3162.115406	.070977
3163.079760	.07037
3164.044113	.070127
3165.008467	.070224
3165.972820	.070294
3166.937174	.070253
3167.901528	.070196
3168.865881	.070165
3169.830235	.070154
3170.794588	.070397
3171.758942	.07103
3172.723295	.071594
3173.687649	.071774
3174.652003	.071765
3175.616356	.072006
3176.580710	.072642
3177.545063	.073057
3178.509417	.072945
3179.473771	.072788
3180.438124	.072792
3181.402478	.072745
3182.366831	.072441
3183.331185	.071941
3184.295538	.071533
3185.259892	.07129
3186.224246	.071203
3187.188599	.071277
3188.152953	.071202
3189.117306	.070791
3190.081660	.070474
3191.046014	.07053
3192.010367	.070649
3192.974721	.070716
3193.939074	.070818
3194.903428	.071047
3195.867782	.071557
3196.832135	.072007
3197.796489	.072097
3198.760842	.072217
3199.725196	.072593
3200.689549	.072958
3201.653903	.073062
3202.618257	.072879
3203.582610	.072674
3204.546964	.072852
3205.511317	.073197
3206.475671	.072948
3207.440025	.072216
3208.404378	.071679
3209.368732	.071249
3210.333085	.0707
3211.297439	.070305
3212.261792	.070285
3213.226146	.070501
3214.190500	.070623
3215.154853	.070735
3216.119207	.070877
3217.083560	.070779
3218.047914	.070765
3219.012268	.071049
3219.976621	.071411
3220.940975	.071938
3221.905328	.072599
3222.869682	.073162
3223.834035	.073417
3224.798389	.073319
3225.762743	.073224
3226.727096	.07345
3227.691450	.07365
3228.655803	.073343
3229.620157	.072823
3230.584511	.072433
3231.548864	.072
3232.513218	.071381
3233.477571	.070645
3234.441925	.070208
3235.406279	.070262
3236.370632	.070341
3237.334986	.070175
3238.299339	.069848
3239.263693	.069447
3240.228046	.069411
3241.192400	.070027
3242.156754	.070828
3243.121107	.071378
3244.085461	.071739
3245.049814	.072119
3246.014168	.072498
3246.978522	.072578
3247.942875	.072391
3248.907229	.072307
3249.871582	.072342
3250.835936	.072429
3251.800289	.07257
3252.764643	.072468
3253.728997	.072152
3254.693350	.07187
3255.657704	.0715
3256.622057	.071139
3257.586411	.070884
3258.550765	.070462
3259.515118	.069975
3260.479472	.06982
3261.443825	.069855
3262.408179	.069828
3263.372532	.069959
3264.336886	.070219
3265.301240	.070323
3266.265593	.070374
3267.229947	.070694
3268.194300	.071311
3269.158654	.071783
3270.123008	.071861
3271.087361	.07197
3272.051715	.072361
3273.016068	.072507
3273.980422	.072169
3274.944776	.071715
3275.909129	.071301
3276.873483	.071113
3277.837836	.071211
3278.802190	.071295
3279.766543	.071181
3280.730897	.070795
3281.695251	.070385
3282.659604	.070257
3283.623958	.070181
3284.588311	.070145
3285.552665	.070325
3286.517019	.070379
3287.481372	.070301
3288.445726	.070501
3289.410079	.070914
3290.374433	.071356
3291.338786	.071811
3292.303140	.072226
3293.267494	.07247
3294.231847	.072514
3295.196201	.072407
3296.160554	.072113
3297.124908	.07193
3298.089262	.07217
3299.053615	.072467
3300.017969	.072189
3300.982322	.07149
3301.946676	.071204
3302.911030	.07126
3303.875383	.070836
3304.839737	.06994
3305.804090	.06937
3306.768444	.069531
3307.732797	.070056
3308.697151	.070374
3309.661505	.070197
3310.625858	.069931
3311.590212	.069992
3312.554565	.070132
3313.518919	.070455
3314.483273	.071209
3315.447626	.071908
3316.411980	.072137
3317.376333	.072197
3318.340687	.072314
3319.305040	.072245
3320.269394	.072157
3321.233748	.072331
3322.198101	.072344
3323.162455	.072004
3324.126808	.071723
3325.091162	.071566
3326.055516	.071337
3327.019869	.070953
3327.984223	.070366
3328.948576	.069785
3329.912930	.069563
3330.877283	.069734
3331.841637	.069938
3332.805991	.069859
3333.770344	.06982
3334.734698	.070362
3335.699051	.071158
3336.663405	.071317
3337.627759	.07101
3338.592112	.071303
3339.556466	.072157
3340.520819	.072705
3341.485173	.072793
3342.449527	.072644
3343.413880	.072369
3344.378234	.072027
3345.342587	.071499
3346.306941	.07088
3347.271294	.070567
3348.235648	.070648
3349.200002	.070704
3350.164355	.070305
3351.128709	.069635
3352.093062	.069234
3353.057416	.069194
3354.021770	.069377
3354.986123	.069842
3355.950477	.070337
3356.914830	.070269
3357.879184	.069813
3358.843537	.069831
3359.807891	.070479
3360.772245	.071056
3361.736598	.071117
3362.700952	.070915
3363.665305	.070898
3364.629659	.071358
3365.594013	.072077
3366.558366	.072397
3367.522720	.072194
3368.487073	.07185
3369.451427	.071578
3370.415780	.071506
3371.380134	.071566
3372.344488	.071382
3373.308841	.070833
3374.273195	.07013
3375.237548	.069597
3376.201902	.069681
3377.166256	.070122
3378.130609	.069996
3379.094963	.069376
3380.059316	.069192
3381.023670	.06954
3381.988024	.069828
3382.952377	.070164
3383.916731	.070888
3384.881084	.071504
3385.845438	.07165
3386.809791	.071698
3387.774145	.071966
3388.738499	.072322
3389.702852	.072304
3390.667206	.071822
3391.631559	.071474
3392.595913	.07161
3393.560267	.071688
3394.524620	.071234
3395.488974	.070759
3396.453327	.070697
3397.417681	.070611
3398.382034	.070178
3399.346388	.069532
3400.310742	.068873
3401.275095	.068501
3402.239449	.068677
3403.203802	.069335
3404.168156	.070008
3405.132510	.070297
3406.096863	.070322
3407.061217	.070259
3408.025570	.07023
3408.989924	.070402
3409.954278	.070684
3410.918631	.071066
3411.882985	.071513
3412.847338	.071784
3413.811692	.072012
3414.776045	.072092
3415.740399	.071647
3416.704753	.071113
3417.669106	.070899
3418.633460	.0708
3419.597813	.070796
3420.562167	.070783
3421.526521	.070409
3422.490874	.069731
3423.455228	.06909
3424.419581	.068816
3425.383935	.069161
3426.348288	.069779
3427.312642	.070017
3428.276996	.069968
3429.241349	.069966
3430.205703	.069963
3431.170056	.070133
3432.134410	.070587
3433.098764	.070995
3434.063117	.071172
3435.027471	.07133
3435.991824	.07155
3436.956178	.071598
3437.920531	.07156
3438.884885	.07153
3439.849239	.071388
3440.813592	.0713
3441.777946	.07103
3442.742299	.070221
3443.706653	.06935
3444.671007	.068994
3445.635360	.069102
3446.599714	.069162
3447.564067	.068879
3448.528421	.068602
3449.492775	.068825
3450.457128	.069432
3451.421482	.069873
3452.385835	.07014
3453.350189	.070401
3454.314542	.070388
3455.278896	.070217
3456.243250	.070404
3457.207603	.070895
3458.171957	.071162
3459.136310	.071066
3460.100664	.070949
3461.065018	.070935
3462.029371	.070852
3462.993725	.070618
3463.958078	.070268
3464.922432	.069904
3465.886785	.069597
3466.851139	.069406
3467.815493	.069541
3468.779846	.069889
3469.744200	.069841
3470.708553	.069229
3471.672907	.068591
3472.637261	.068437
3473.601614	.068849
3474.565968	.06945
3475.530321	.069859
3476.494675	.070128
3477.459028	.070321
3478.423382	.070264
3479.387736	.069963
3480.352089	.069931
3481.316443	.070409
3482.280796	.070834
3483.245150	.070894
3484.209504	.070766
3485.173857	.070721
3486.138211	.07089
3487.102564	.070814
3488.066918	.070247
3489.031272	.069792
3489.995625	.069725
3490.959979	.069502
3491.924332	.068968
3492.888686	.068557
3493.853039	.068205
3494.817393	.067912
3495.781747	.068102
3496.746100	.068594
3497.710454	.068906
3498.674807	.068874
3499.639161	.06871
3500.603515	.068957
3501.567868	.069638
3502.532222	.070105
3503.496575	.070187
3504.460929	.070389
3505.425282	.070803
3506.389636	.071058
3507.353990	.071115
3508.318343	.071033
3509.282697	.070639
3510.247050	.070122
3511.211404	.06993
3512.175758	.070009
3513.140111	.070003
3514.104465	.069766
3515.068818	.069431
3516.033172	.069176
3516.997526	.069156
3517.961879	.069382
3518.926233	.069506
3519.890586	.069417
3520.854940	.069325
3521.819293	.069137
3522.783647	.06909
3523.748001	.069555
3524.712354	.069917
3525.676708	.069821
3526.641061	.06994
3527.605415	.070248
3528.569769	.070083
3529.534122	.06991
3530.498476	.070247
3531.462829	.070476
3532.427183	.070336
3533.391536	.070024
3534.355890	.069495
3535.320244	.069168
3536.284597	.069289
3537.248951	.069393
3538.213304	.069455
3539.177658	.069626
3540.142012	.069628
3541.106365	.06922
3542.070719	.068512
3543.035072	.068042
3543.999426	.068199
3544.963779	.068612
3545.928133	.068816
3546.892487	.069033
3547.856840	.06936
3548.821194	.069278
3549.785547	.069085
3550.749901	.069549
3551.714255	.070264
3552.678608	.070462
3553.642962	.070141
3554.607315	.069786
3555.571669	.069759
3556.536023	.069835
3557.500376	.069911
3558.464730	.07005
3559.429083	.06993
3560.393437	.069535
3561.357790	.068943
3562.322144	.068139
3563.286498	.067617
3564.250851	.067532
3565.215205	.067388
3566.179558	.067284
3567.143912	.067918
3568.108266	.068731
3569.072619	.068595
3570.036973	.068241
3571.001326	.068571
3571.965680	.069094
3572.930033	.069449
3573.894387	.069888
3574.858741	.070259
3575.823094	.070335
3576.787448	.070159
3577.751801	.069974
3578.716155	.070216
3579.680509	.07078
3580.644862	.07089
3581.609216	.070255
3582.573569	.06953
3583.537923	.069186
3584.502276	.068924
3585.466630	.068452
3586.430984	.067798
3587.395337	.067278
3588.359691	.067335
3589.324044	.067971
3590.288398	.068675
3591.252752	.068872
3592.217105	.068535
3593.181459	.068416
3594.145812	.06923
3595.110166	.070452
3596.074520	.070718
3597.038873	.070006
3598.003227	.069683
3598.967580	.070267
3599.931934	.071018
3600.896287	.071422
3601.860641	.07143
3602.824995	.071045
3603.789348	.070444
3604.753702	.069854
3605.718055	.069526
3606.682409	.069502
3607.646763	.069633
3608.611116	.069724
3609.575470	.069482
3610.539823	.069108
3611.504177	.068864
3612.468530	.068738
3613.432884	.068551
3614.397238	.068246
3615.361591	.068503
3616.325945	.069463
3617.290298	.070101
3618.254652	.069919
3619.219006	.069758
3620.183359	.070203
3621.147713	.070673
3622.112066	.070909
3623.076420	.07105
3624.040774	.071063
3625.005127	.07111
3625.969481	.071284
3626.933834	.071222
3627.898188	.070709
3628.862541	.070329
3629.826895	.070489
3630.791249	.070486
3631.755602	.070137
3632.719956	.069789
3633.684309	.069967
3634.648663	.070682
3635.613017	.071167
3636.577370	.071145
3637.541724	.070941
3638.506077	.07092
3639.470431	.071196
3640.434784	.071469
3641.399138	.071577
3642.363492	.07178
3643.327845	.072301
3644.292199	.072961
3645.256552	.073326
3646.220906	.073141
3647.185260	.072744
3648.149613	.072822
3649.113967	.07317
3650.078320	.073337
3651.042674	.073651
3652.007027	.07368
3652.971381	.073036
3653.935735	.072482
3654.900088	.07268
3655.864442	.073287
3656.828795	.073464
3657.793149	.073153
3658.757503	.072844
3659.721856	.072949
3660.686210	.073584
3661.650563	.074115
3662.614917	.074121
3663.579271	.074266
3664.543624	.074825
3665.507978	.075039
3666.472331	.074702
3667.436685	.074336
3668.401038	.074268
3669.365392	.074472
3670.329746	.074895
3671.294099	.075639
3672.258453	.076047
3673.222806	.075591
3674.187160	.07494
3675.151514	.075201
3676.115867	.075875
3677.080221	.07595
3678.044574	.075684
3679.008928	.075513
3679.973281	.07588
3680.937635	.076391
3681.901989	.076431
3682.866342	.076227
3683.830696	.076122
3684.795049	.076061
3685.759403	.075984
3686.723757	.076185
3687.688110	.076722
3688.652464	.077044
3689.616817	.07706
3690.581171	.076952
3691.545524	.077055
3692.509878	.077886
3693.474232	.078743
3694.438585	.078882
3695.402939	.078739
3696.367292	.078639
3697.331646	.078269
3698.296000	.077877
3699.260353	.077762
3700.224707	.077667
3701.189060	.077639
3702.153414	.077954
3703.117768	.078288
3704.082121	.078012
3705.046475	.077304
3706.010828	.076929
3706.975182	.076632
3707.939535	.076093
3708.903889	.076129
3709.868243	.076772
3710.832596	.076975
3711.796950	.076882
3712.761303	.077556
3713.725657	.078553
3714.690011	.079035
3715.654364	.079432
3716.618718	.079883
3717.583071	.079748
3718.547425	.079169
3719.511778	.078939
3720.476132	.079181
3721.440486	.079218
3722.404839	.078645
3723.369193	.078016
3724.333546	.077735
3725.297900	.07764
3726.262254	.077678
3727.226607	.077988
3728.190961	.078546
3729.155314	.07894
3730.119668	.078791
3731.084022	.077925
3732.048375	.076864
3733.012729	.076875
3733.977082	.077271
3734.941436	.076816
3735.905789	.076915
3736.870143	.07834
3737.834497	.079342
3738.798850	.079575
3739.763204	.079572
3740.727557	.07925
3741.691911	.078551
3742.656265	.07781
3743.620618	.077717
3744.584972	.078891
3745.549325	.079681
3746.513679	.079378
3747.478032	.078727
3748.442386	.077978
3749.406740	.077298
3750.371093	.077072
3751.335447	.07739
3752.299800	.077709
3753.264154	.077723
3754.228508	.077734
3755.192861	.077543
3756.157215	.077119
3757.121568	.077013
3758.085922	.077404
3759.050275	.077985
3760.014629	.078597
3760.978983	.079312
3761.943336	.079834
3762.907690	.079666
3763.872043	.079116
3764.836397	.079017
3765.800751	.079441
3766.765104	.079789
3767.729458	.079825
3768.693811	.079656
3769.658165	.079454
3770.622519	.079197
3771.586872	.078798
3772.551226	.078683
3773.515579	.078949
3774.479933	.078846
3775.444286	.078156
3776.408640	.077565
3777.372994	.077383
3778.337347	.077399
3779.301701	.077495
3780.266054	.077874
3781.230408	.078555
3782.194762	.078831
3783.159115	.078537
3784.123469	.078594
3785.087822	.079181
3786.052176	.079851
3787.016529	.080486
3787.980883	.080679
3788.945237	.080454
3789.909590	.080233
3790.873944	.080072
3791.838297	.080004
3792.802651	.07979
3793.767005	.079263
3794.731358	.078754
3795.695712	.07844
3796.660065	.078235
3797.624419	.077892
3798.588772	.077349
3799.553126	.077128
3800.517480	.07755
3801.481833	.078016
3802.446187	.077991
3803.410540	.077696
3804.374894	.077362
3805.339248	.077323
3806.303601	.077587
3807.267955	.078013
3808.232308	.078831
3809.196662	.079831
3810.161016	.080618
3811.125369	.080984
3812.089723	.080784
3813.054076	.08026
3814.018430	.079929
3814.982783	.079798
3815.947137	.079441
3816.911491	.079035
3817.875844	.078885
3818.840198	.078522
3819.804551	.077781
3820.768905	.077497
3821.733259	.077857
3822.697612	.077921
3823.661966	.077764
3824.626319	.077579
3825.590673	.077374
3826.555026	.07747
3827.519380	.077868
3828.483734	.078301
3829.448087	.078605
3830.412441	.078696
3831.376794	.078946
3832.341148	.079329
3833.305502	.079111
3834.269855	.078679
3835.234209	.079103
3836.198562	.07998
3837.162916	.079999
3838.127269	.078919
3839.091623	.077884
3840.055977	.077615
3841.020330	.078074
3841.984684	.07871
3842.949037	.078904
3843.913391	.078478
3844.877745	.077831
3845.842098	.077618
3846.806452	.077928
3847.770805	.078403
3848.735159	.07845
3849.699513	.077745
3850.663866	.076896
3851.628220	.076622
3852.592573	.077123
3853.556927	.078005
3854.521280	.078705
3855.485634	.079499
3856.449988	.080401
3857.414341	.08098
3858.378695	.080918
3859.343048	.080326
3860.307402	.079718
3861.271756	.079477
3862.236109	.079612
3863.200463	.079976
3864.164816	.079983
3865.129170	.079092
3866.093523	.078053
3867.057877	.07748
3868.022231	.077214
3868.986584	.077405
3869.950938	.077946
3870.915291	.078002
3871.879645	.077544
3872.843999	.077206
3873.808352	.077338
3874.772706	.077719
3875.737059	.078255
3876.701413	.079021
3877.665767	.079743
3878.630120	.080198
3879.594474	.080299
3880.558827	.080134
3881.523181	.080132
3882.487534	.08025
3883.451888	.080047
3884.416242	.07953
3885.380595	.079172
3886.344949	.07926
3887.309302	.079325
3888.273656	.078934
3889.238010	.078296
3890.202363	.077751
3891.166717	.077636
3892.131070	.078091
3893.095424	.07835
3894.059777	.078249
3895.024131	.078233
3895.988485	.078088
3896.952838	.077862
3897.917192	.07788
3898.881545	.077934
3899.845899	.078252
3900.810253	.078989
3901.774606	.079664
3902.738960	.080097
3903.703313	.080237
3904.667667	.080054
3905.632020	.079962
3906.596374	.080288
3907.560728	.080743
3908.525081	.080702
3909.489435	.080186
3910.453788	.079947
3911.418142	.080172
3912.382496	.080056
3913.346849	.079028
3914.311203	.077898
3915.275556	.077792
3916.239910	.07822
3917.204264	.07822
3918.168617	.078381
3919.132971	.078912
3920.097324	.078886
3921.061678	.078485
3922.026031	.0786
3922.990385	.079225
3923.954739	.080001
3924.919092	.080643
3925.883446	.080877
3926.847799	.080747
3927.812153	.080573
3928.776507	.08061
3929.740860	.080872
3930.705214	.081127
3931.669567	.081213
3932.633921	.081037
3933.598274	.080533
3934.562628	.080062
3935.526982	.079831
3936.491335	.079464
3937.455689	.078872
3938.420042	.078563
3939.384396	.078762
3940.348750	.078902
3941.313103	.078435
3942.277457	.077686
3943.241810	.077507
3944.206164	.078108
3945.170517	.078902
3946.134871	.079494
3947.099225	.079743
3948.063578	.079896
3949.027932	.080261
3949.992285	.080282
3950.956639	.080043
3951.920993	.080283
3952.885346	.080549
3953.849700	.080446
3954.814053	.080257
3955.778407	.07988
3956.742761	.079472
3957.707114	.079562
3958.671468	.07985
3959.635821	.079778
3960.600175	.07971
3961.564528	.080144
3962.528882	.08026
3963.493236	.079158
3964.457589	.077932
3965.421943	.07772
3966.386296	.07793
3967.350650	.078134
3968.315004	.07861
3969.279357	.079139
3970.243711	.079305
3971.208064	.079296
3972.172418	.079471
3973.136771	.079743
3974.101125	.079922
3975.065479	.080001
3976.029832	.080173
3976.994186	.080656
3977.958539	.080966
3978.922893	.080473
3979.887247	.079721
3980.851600	.079622
3981.815954	.079935
3982.780307	.079776
3983.744661	.079231
3984.709015	.079097
3985.673368	.079209
3986.637722	.0791
3987.602075	.079098
3988.566429	.079268
3989.530782	.079053
3990.495136	.078536
3991.459490	.078613
3992.423843	.079308
3993.388197	.079733
3994.352550	.079724
3995.316904	.079763
3996.281258	.079954
3997.245611	.080243
3998.209965	.080785
3999.174318	.081034
4000.138672	.080568
