499.535156	.85716
500.499510	.85553
501.463863	.85353
502.428217	.85026
503.392571	.84723
504.356924	.8454
505.321278	.84444
506.285631	.84389
507.249985	.84302
508.214339	.84243
509.178692	.84384
510.143046	.846
511.107399	.84625
512.071753	.84605
513.036106	.8485
514.000460	.85273
514.964814	.85594
515.929167	.85834
516.893521	.86124
517.857874	.86371
518.822228	.86624
519.786582	.87011
520.750935	.87407
521.715289	.87741
522.679642	.88083
523.643996	.88456
524.608349	.88815
525.572703	.89145
526.537057	.89586
527.501410	.90159
528.465764	.9059
529.430117	.90788
530.394471	.90946
531.358825	.91172
532.323178	.91417
533.287532	.91577
534.251885	.91671
535.216239	.91852
536.180593	.92093
537.144946	.92289
538.109300	.92454
539.073653	.92468
540.038007	.9226
541.002360	.9208
541.966714	.9207
542.931068	.92074
543.895421	.92011
544.859775	.91905
545.824128	.91671
546.788482	.91211
547.752836	.90654
548.717189	.90219
549.681543	.89963
550.645896	.89767
551.610250	.89444
552.574603	.88923
553.538957	.88345
554.503311	.87928
555.467664	.87741
556.432018	.87587
557.396371	.87245
558.360725	.86819
559.325079	.86509
560.289432	.86267
561.253786	.86005
562.218139	.85739
563.182493	.85476
564.146846	.85253
565.111200	.85132
566.075554	.85123
567.039907	.85145
568.004261	.85094
568.968614	.85041
569.932968	.85075
570.897322	.85172
571.861675	.85382
572.826029	.85667
573.790382	.85906
574.754736	.8616
575.719090	.86462
576.683443	.86697
577.647797	.86846
578.612150	.87036
579.576504	.87367
580.540857	.8781
581.505211	.8828
582.469565	.8874
583.433918	.89134
584.398272	.89401
585.362625	.89657
586.326979	.90048
587.291333	.90467
588.255686	.90803
589.220040	.91106
590.184393	.91345
591.148747	.91497
592.113100	.91701
593.077454	.91978
594.041808	.92164
595.006161	.92255
595.970515	.92386
596.934868	.92506
597.899222	.92536
598.863576	.92548
599.827929	.92561
600.792283	.9255
601.756636	.92498
602.720990	.92364
603.685343	.92195
604.649697	.92024
605.614051	.91803
606.578404	.91553
607.542758	.91305
608.507111	.91076
609.471465	.90875
610.435819	.90647
611.400172	.90323
612.364526	.89906
613.328879	.89492
614.293233	.89185
615.257587	.89014
616.221940	.88947
617.186294	.88811
618.150647	.88415
619.115001	.87889
620.079354	.87498
621.043708	.87279
622.008062	.87121
622.972415	.86944
623.936769	.86779
624.901122	.86694
625.865476	.86646
626.829830	.86576
627.794183	.86535
628.758537	.86602
629.722890	.86725
630.687244	.86737
631.651597	.86693
632.615951	.86846
633.580305	.8715
634.544658	.87369
635.509012	.87558
636.473365	.87871
637.437719	.88247
638.402073	.88568
639.366426	.88835
640.330780	.89116
641.295133	.89433
642.259487	.89753
643.223841	.90068
644.188194	.90405
645.152548	.90767
646.116901	.91113
647.081255	.91433
648.045608	.9172
649.009962	.91919
649.974316	.92055
650.938669	.92228
651.903023	.9242
652.867376	.92533
653.831730	.92585
654.796084	.92643
655.760437	.92657
656.724791	.92573
657.689144	.9245
658.653498	.92297
659.617851	.92071
660.582205	.91805
661.546559	.91558
662.510912	.91355
663.475266	.91173
664.439619	.90944
665.403973	.90848
666.368327	.91675
667.332680	.94152
668.297034	.95233
669.261387	.92408
670.225741	.89884
671.190094	.88676
672.154448	.88188
673.118802	.87869
674.083155	.87491
675.047509	.87073
676.011862	.86717
676.976216	.86441
677.940570	.86153
678.904923	.85802
679.869277	.85442
680.833630	.85136
681.797984	.84885
682.762338	.84653
683.726691	.84405
684.691045	.84142
685.655398	.83919
686.619752	.83761
687.584105	.83633
688.548459	.83536
689.512813	.83461
690.477166	.83341
691.441520	.83171
692.405873	.82996
693.370227	.82809
694.334581	.82594
695.298934	.82352
696.263288	.82039
697.227641	.81652
698.191995	.81225
699.156348	.80716
700.120702	.80024
701.085056	.79162
702.049409	.78186
703.013763	.77055
703.978116	.75761
704.942470	.74285
705.906824	.72515
706.871177	.70405
707.835531	.67967
708.799884	.6519
709.764238	.6203
710.728591	.58404
711.692945	.5426
712.657299	.49522
713.621652	.44011
714.586006	.37562
715.550359	.30265
716.514713	.22664
717.479067	.15664
718.443420	.10294
719.407774	.074933
720.372127	.076062
721.336481	.098918
722.300835	.13055
723.265188	.161
724.229542	.18409
725.193895	.19538
726.158249	.1901
727.122602	.16507
728.086956	.12385
729.051310	.079791
730.015663	.053314
730.980017	.06679
731.944370	.13291
732.908724	.23941
733.873078	.35383
734.837431	.45011
735.801785	.52187
736.766138	.57363
737.730492	.61127
738.694845	.63946
739.659199	.66131
740.623553	.67833
741.587906	.69146
742.552260	.70176
743.516613	.71022
744.480967	.71754
745.445321	.72418
746.409674	.73009
747.374028	.73492
748.338381	.73897
749.302735	.74272
750.267088	.74623
751.231442	.74983
752.195796	.75347
753.160149	.75651
754.124503	.75909
755.088856	.76189
756.053210	.76515
757.017564	.76814
757.981917	.77048
758.946271	.7727
759.910624	.7748
760.874978	.77659
761.839332	.77845
762.803685	.7808
763.768039	.78371
764.732392	.78673
765.696746	.78928
766.661099	.79136
767.625453	.7935
768.589807	.79591
769.554160	.79833
770.518514	.80044
771.482867	.80266
772.447221	.8056
773.411575	.80861
774.375928	.81076
775.340282	.81243
776.304635	.81453
777.268989	.81699
778.233342	.81886
779.197696	.81983
780.162050	.82096
781.126403	.82279
782.090757	.82435
783.055110	.82522
784.019464	.82622
784.983818	.82751
785.948171	.82866
786.912525	.8294
787.876878	.82935
788.841232	.82869
789.805586	.82816
790.769939	.82781
791.734293	.82692
792.698646	.82545
793.663000	.82411
794.627353	.82301
795.591707	.82188
796.556061	.82085
797.520414	.82017
798.484768	.82008
799.449121	.82014
800.413475	.8195
801.377829	.81841
802.342182	.81753
803.306536	.8169
804.270889	.8162
805.235243	.81556
806.199596	.81551
807.163950	.81588
808.128304	.81592
809.092657	.81579
810.057011	.81619
811.021364	.81722
811.985718	.81831
812.950072	.81938
813.914425	.82069
814.878779	.82202
815.843132	.82338
816.807486	.82522
817.771839	.82751
818.736193	.82961
819.700547	.83149
820.664900	.83383
821.629254	.83655
822.593607	.83878
823.557961	.84051
824.522315	.84252
825.486668	.8449
826.451022	.84691
827.415375	.84845
828.379729	.85036
829.344083	.85293
830.308436	.85523
831.272790	.85659
832.237143	.85801
833.201497	.85992
834.165850	.86119
835.130204	.86179
836.094558	.86267
837.058911	.86384
838.023265	.865
838.987618	.86612
839.951972	.86679
840.916326	.86663
841.880679	.86618
842.845033	.86612
843.809386	.86592
844.773740	.865
845.738093	.86367
846.702447	.86248
847.666801	.86178
848.631154	.86132
849.595508	.86012
850.559861	.85826
851.524215	.85688
852.488569	.85611
853.452922	.85519
854.417276	.85391
855.381629	.85256
856.345983	.85144
857.310336	.8505
858.274690	.8496
859.239044	.84885
860.203397	.84823
861.167751	.84739
862.132104	.84609
863.096458	.84479
864.060812	.84405
865.025165	.84355
865.989519	.84277
866.953872	.84195
867.918226	.84129
868.882580	.84071
869.846933	.84032
870.811287	.84012
871.775640	.84001
872.739994	.83987
873.704347	.8397
874.668701	.83967
875.633055	.83952
876.597408	.83907
877.561762	.83854
878.526115	.83778
879.490469	.8364
880.454823	.8344
881.419176	.83194
882.383530	.82932
883.347883	.82659
884.312237	.82366
885.276590	.82092
886.240944	.81864
887.205298	.81693
888.169651	.81655
889.134005	.81811
890.098358	.82133
891.062712	.82562
892.027066	.8303
892.991419	.83424
893.955773	.83696
894.920126	.83922
895.884480	.84163
896.848834	.84409
897.813187	.84641
898.777541	.84843
899.741894	.84992
900.706248	.85067
901.670601	.8509
902.634955	.85115
903.599309	.85143
904.563662	.85116
905.528016	.85016
906.492369	.84899
907.456723	.84791
908.421077	.84688
909.385430	.84635
910.349784	.84665
911.314137	.84712
912.278491	.84701
913.242844	.84647
914.207198	.84602
915.171552	.84578
916.135905	.8454
917.100259	.84444
918.064612	.84326
919.028966	.84244
919.993320	.84178
920.957673	.84101
921.922027	.84018
922.886380	.83932
923.850734	.8385
924.815087	.83781
925.779441	.83722
926.743795	.83664
927.708148	.83606
928.672502	.83543
929.636855	.83488
930.601209	.83461
931.565563	.83455
932.529916	.83453
933.494270	.83457
934.458623	.83484
935.422977	.83531
936.387331	.83579
937.351684	.83616
938.316038	.83678
939.280391	.83776
940.244745	.83853
941.209098	.83897
942.173452	.83952
943.137806	.84023
944.102159	.84105
945.066513	.84204
946.030866	.84292
946.995220	.84366
947.959574	.8444
948.923927	.84525
949.888281	.84601
950.852634	.84655
951.816988	.84714
952.781341	.84779
953.745695	.84816
954.710049	.84809
955.674402	.84782
956.638756	.84773
957.603109	.84779
958.567463	.84771
959.531817	.84756
960.496170	.84729
961.460524	.84663
962.424877	.84571
963.389231	.84496
964.353584	.84451
965.317938	.84422
966.282292	.84398
967.246645	.84385
968.210999	.8436
969.175352	.84303
970.139706	.84242
971.104060	.84211
972.068413	.84212
973.032767	.84228
973.997120	.84224
974.961474	.8417
975.925828	.841
976.890181	.84037
977.854535	.83968
978.818888	.83918
979.783242	.83901
980.747595	.83874
981.711949	.83833
982.676303	.83809
983.640656	.83788
984.605010	.83751
985.569363	.83707
986.533717	.83664
987.498071	.83609
988.462424	.83533
989.426778	.83458
990.391131	.83416
991.355485	.83405
992.319838	.83405
993.284192	.83384
994.248546	.83364
995.212899	.8337
996.177253	.83358
997.141606	.8334
998.105960	.83348
999.070314	.83346
1000.034667	.83309
1000.999021	.83277
1001.963374	.83289
1002.927728	.83324
1003.892082	.83332
1004.856435	.83307
1005.820789	.8329
1006.785142	.83313
1007.749496	.83315
1008.713849	.83242
1009.678203	.8315
1010.642557	.83086
1011.606910	.83033
1012.571264	.82969
1013.535617	.82894
1014.499971	.82833
1015.464325	.8277
1016.428678	.82646
1017.393032	.82478
1018.357385	.82332
1019.321739	.82236
1020.286092	.82169
1021.250446	.82051
1022.214800	.81861
1023.179153	.81666
1024.143507	.81486
1025.107860	.81289
1026.072214	.81079
1027.036568	.8088
1028.000921	.80688
1028.965275	.80486
1029.929628	.80279
1030.893982	.80074
1031.858335	.79853
1032.822689	.7962
1033.787043	.79387
1034.751396	.79147
1035.715750	.78922
1036.680103	.78728
1037.644457	.78524
1038.608811	.78265
1039.573164	.77979
1040.537518	.77729
1041.501871	.77522
1042.466225	.7731
1043.430579	.77065
1044.394932	.76802
1045.359286	.76552
1046.323639	.76298
1047.287993	.75987
1048.252346	.75581
1049.216700	.751
1050.181054	.74697
1051.145407	.74539
1052.109761	.74577
1053.074114	.74615
1054.038468	.74557
1055.002822	.74434
1055.967175	.74276
1056.931529	.7408
1057.895882	.73878
1058.860236	.73677
1059.824589	.73455
1060.788943	.73234
1061.753297	.73028
1062.717650	.72852
1063.682004	.72748
1064.646357	.72702
1065.610711	.72665
1066.575065	.72632
1067.539418	.72588
1068.503772	.72505
1069.468125	.72375
1070.432479	.72218
1071.396832	.72067
1072.361186	.71911
1073.325540	.71692
1074.289893	.71423
1075.254247	.71186
1076.218600	.70989
1077.182954	.70788
1078.147308	.70619
1079.111661	.70527
1080.076015	.70476
1081.040368	.70437
1082.004722	.70437
1082.969076	.70479
1083.933429	.70532
1084.897783	.70586
1085.862136	.70656
1086.826490	.70745
1087.790843	.70836
1088.755197	.70929
1089.719551	.71035
1090.683904	.71154
1091.648258	.71275
1092.612611	.71391
1093.576965	.71512
1094.541319	.71664
1095.505672	.71837
1096.470026	.71982
1097.434379	.72089
1098.398733	.72206
1099.363086	.72339
1100.327440	.72431
1101.291794	.72477
1102.256147	.72532
1103.220501	.72614
1104.184854	.72697
1105.149208	.72757
1106.113562	.72818
1107.077915	.72896
1108.042269	.72961
1109.006622	.73015
1109.970976	.73058
1110.935330	.73098
1111.899683	.73174
1112.864037	.73266
1113.828390	.73318
1114.792744	.73373
1115.757097	.7349
1116.721451	.73617
1117.685805	.73693
1118.650158	.73742
1119.614512	.73814
1120.578865	.73909
1121.543219	.74012
1122.507573	.74108
1123.471926	.74202
1124.436280	.74301
1125.400633	.74375
1126.364987	.74407
1127.329340	.74432
1128.293694	.74479
1129.258048	.74533
1130.222401	.74579
1131.186755	.7464
1132.151108	.74737
1133.115462	.74853
1134.079816	.74957
1135.044169	.75045
1136.008523	.75122
1136.972876	.75177
1137.937230	.7522
1138.901583	.75282
1139.865937	.75355
1140.830291	.75413
1141.794644	.75451
1142.758998	.75473
1143.723351	.75498
1144.687705	.75533
1145.652059	.75565
1146.616412	.7559
1147.580766	.75604
1148.545119	.75599
1149.509473	.75598
1150.473827	.75623
1151.438180	.75658
1152.402534	.75676
1153.366887	.75677
1154.331241	.75684
1155.295594	.75705
1156.259948	.75741
1157.224302	.75788
1158.188655	.75821
1159.153009	.75847
1160.117362	.75889
1161.081716	.75926
1162.046070	.75938
1163.010423	.75963
1163.974777	.76005
1164.939130	.76026
1165.903484	.76032
1166.867837	.7605
1167.832191	.76085
1168.796545	.76102
1169.760898	.76068
1170.725252	.76033
1171.689605	.76035
1172.653959	.7603
1173.618313	.75975
1174.582666	.75831
1175.547020	.75583
1176.511373	.75341
1177.475727	.75299
1178.440080	.75499
1179.404434	.75788
1180.368788	.76021
1181.333141	.76158
1182.297495	.76232
1183.261848	.76293
1184.226202	.76343
1185.190556	.76362
1186.154909	.76368
1187.119263	.76379
1188.083616	.76393
1189.047970	.76403
1190.012324	.76396
1190.976677	.76375
1191.941031	.76365
1192.905384	.76364
1193.869738	.76337
1194.834091	.76294
1195.798445	.76276
1196.762799	.76281
1197.727152	.76277
1198.691506	.76262
1199.655859	.76261
1200.620213	.7628
1201.584567	.76297
1202.548920	.76312
1203.513274	.76338
1204.477627	.76371
1205.441981	.76394
1206.406334	.76406
1207.370688	.76423
1208.335042	.76436
1209.299395	.76424
1210.263749	.76406
1211.228102	.76404
1212.192456	.76398
1213.156810	.76375
1214.121163	.76356
1215.085517	.76339
1216.049870	.76301
1217.014224	.76251
1217.978578	.76212
1218.942931	.7619
1219.907285	.76183
1220.871638	.76176
1221.835992	.7616
1222.800345	.76143
1223.764699	.76137
1224.729053	.76136
1225.693406	.76114
1226.657760	.76072
1227.622113	.7604
1228.586467	.76036
1229.550821	.76027
1230.515174	.75986
1231.479528	.75944
1232.443881	.75932
1233.408235	.7593
1234.372588	.75906
1235.336942	.75871
1236.301296	.75848
1237.265649	.75835
1238.230003	.75822
1239.194356	.75791
1240.158710	.75731
1241.123064	.75678
1242.087417	.75648
1243.051771	.75615
1244.016124	.75571
1244.980478	.7553
1245.944831	.7548
1246.909185	.75406
1247.873539	.75328
1248.837892	.75285
1249.802246	.75268
1250.766599	.75239
1251.730953	.75192
1252.695307	.75139
1253.659660	.7508
1254.624014	.75016
1255.588367	.74956
1256.552721	.74881
1257.517075	.74781
1258.481428	.74674
1259.445782	.74576
1260.410135	.74496
1261.374489	.74427
1262.338842	.74351
1263.303196	.74274
1264.267550	.74202
1265.231903	.74119
1266.196257	.74017
1267.160610	.73905
1268.124964	.73796
1269.089318	.73712
1270.053671	.73654
1271.018025	.73606
1271.982378	.73565
1272.946732	.73535
1273.911085	.73518
1274.875439	.73504
1275.839793	.73464
1276.804146	.73401
1277.768500	.73339
1278.732853	.73267
1279.697207	.73172
1280.661561	.73056
1281.625914	.72915
1282.590268	.72749
1283.554621	.72575
1284.518975	.72377
1285.483328	.72133
1286.447682	.71882
1287.412036	.71646
1288.376389	.71389
1289.340743	.71101
1290.305096	.70792
1291.269450	.7045
1292.233804	.70055
1293.198157	.69611
1294.162511	.69146
1295.126864	.68684
1296.091218	.68254
1297.055572	.67895
1298.019925	.67618
1298.984279	.67392
1299.948632	.672
1300.912986	.67062
1301.877339	.66986
1302.841693	.66964
1303.806047	.66988
1304.770400	.67045
1305.734754	.67125
1306.699107	.67238
1307.663461	.67403
1308.627815	.67619
1309.592168	.679
1310.556522	.6827
1311.520875	.68709
1312.485229	.69182
1313.449582	.6967
1314.413936	.70164
1315.378290	.70655
1316.342643	.71118
1317.306997	.71547
1318.271350	.71984
1319.235704	.72458
1320.200058	.72923
1321.164411	.73329
1322.128765	.73686
1323.093118	.73999
1324.057472	.7425
1325.021825	.74442
1325.986179	.74594
1326.950533	.74725
1327.914886	.74823
1328.879240	.74853
1329.843593	.74804
1330.807947	.74681
1331.772301	.74475
1332.736654	.74155
1333.701008	.73712
1334.665361	.73156
1335.629715	.72472
1336.594069	.71668
1337.558422	.70797
1338.522776	.69916
1339.487129	.69103
1340.451483	.68433
1341.415836	.67924
1342.380190	.67488
1343.344544	.67
1344.308897	.66427
1345.273251	.6579
1346.237604	.65096
1347.201958	.64343
1348.166312	.63549
1349.130665	.62781
1350.095019	.621
1351.059372	.61566
1352.023726	.61267
1352.988079	.61222
1353.952433	.61347
1354.916787	.61557
1355.881140	.61762
1356.845494	.61855
1357.809847	.61748
1358.774201	.61393
1359.738555	.60783
1360.702908	.59974
1361.667262	.59038
1362.631615	.58011
1363.595969	.56951
1364.560323	.55908
1365.524676	.54847
1366.489030	.538
1367.453383	.52936
1368.417737	.52424
1369.382090	.52334
1370.346444	.52614
1371.310798	.531
1372.275151	.53507
1373.239505	.53451
1374.203858	.52615
1375.168212	.5099
1376.132566	.4904
1377.096919	.47612
1378.061273	.47598
1379.025626	.49439
1379.989980	.52863
1380.954333	.57157
1381.918687	.61548
1382.883041	.65449
1383.847394	.68583
1384.811748	.70934
1385.776101	.72608
1386.740455	.73805
1387.704809	.7479
1388.669162	.75627
1389.633516	.76218
1390.597869	.7661
1391.562223	.76945
1392.526576	.77241
1393.490930	.77413
1394.455284	.77524
1395.419637	.77732
1396.383991	.7797
1397.348344	.78076
1398.312698	.78045
1399.277052	.78037
1400.241405	.78141
1401.205759	.78226
1402.170112	.78193
1403.134466	.78068
1404.098820	.77908
1405.063173	.77778
1406.027527	.77711
1406.991880	.77638
1407.956234	.77507
1408.920587	.77356
1409.884941	.77202
1410.849295	.77016
1411.813648	.76782
1412.778002	.76523
1413.742355	.76248
1414.706709	.75941
1415.671063	.75591
1416.635416	.7517
1417.599770	.74626
1418.564123	.73913
1419.528477	.73226
1420.492830	.72753
1421.457184	.72222
1422.421538	.71382
1423.385891	.70253
1424.350245	.68928
1425.314598	.67416
1426.278952	.65646
1427.243306	.63573
1428.207659	.61224
1429.172013	.58628
1430.136366	.55867
1431.100720	.53135
1432.065073	.50506
1433.029427	.4798
1433.993781	.4565
1434.958134	.43549
1435.922488	.41553
1436.886841	.39696
1437.851195	.38249
1438.815549	.37051
1439.779902	.35809
1440.744256	.34561
1441.708609	.33406
1442.672963	.32378
1443.637317	.31432
1444.601670	.30492
1445.566024	.29505
1446.530377	.28431
1447.494731	.27208
1448.459084	.25803
1449.423438	.24207
1450.387792	.22291
1451.352145	.19947
1452.316499	.17245
1453.280852	.1444
1454.245206	.11859
1455.209560	.097447
1456.173913	.081362
1457.138267	.069116
1458.102620	.059095
1459.066974	.048065
1460.031327	.034658
1460.995681	.021686
1461.960035	.012317
1462.924388	.0079364
1463.888742	.0071218
1464.853095	.0076146
1465.817449	.0079881
1466.781803	.0082606
1467.746156	.0090336
1468.710510	.010213
1469.674863	.011195
1470.639217	.010172
1471.603571	.0067784
1472.567924	.0039733
1473.532278	.0093708
1474.496631	.034703
1475.460985	.090753
1476.425338	.17685
1477.389692	.27091
1478.354046	.35336
1479.318399	.42101
1480.282753	.47497
1481.247106	.51798
1482.211460	.55247
1483.175814	.58025
1484.140167	.60291
1485.104521	.6215
1486.068874	.63652
1487.033228	.64934
1487.997581	.66108
1488.961935	.67095
1489.926289	.67967
1490.890642	.68888
1491.854996	.69815
1492.819349	.70607
1493.783703	.71229
1494.748057	.71647
1495.712410	.7195
1496.676764	.7243
1497.641117	.73003
1498.605471	.735
1499.569824	.74059
1500.534178	.74642
1501.498532	.75119
1502.462885	.75531
1503.427239	.75841
1504.391592	.75862
1505.355946	.75626
1506.320300	.75585
1507.284653	.76102
1508.249007	.76859
1509.213360	.77464
1510.177714	.77889
1511.142068	.78168
1512.106421	.7837
1513.070775	.78594
1514.035128	.78801
1514.999482	.78913
1515.963835	.78924
1516.928189	.78956
1517.892543	.79191
1518.856896	.79452
1519.821250	.79414
1520.785603	.79211
1521.749957	.79299
1522.714311	.79724
1523.678664	.8011
1524.643018	.80255
1525.607371	.80362
1526.571725	.80602
1527.536078	.80828
1528.500432	.80996
1529.464786	.81173
1530.429139	.81307
1531.393493	.8133
1532.357846	.81217
1533.322200	.81115
1534.286554	.81287
1535.250907	.81606
1536.215261	.81764
1537.179614	.81621
1538.143968	.81127
1539.108321	.80585
1540.072675	.80537
1541.037029	.80814
1542.001382	.81117
1542.965736	.81515
1543.930089	.81836
1544.894443	.81983
1545.858797	.82176
1546.823150	.82411
1547.787504	.82527
1548.751857	.82516
1549.716211	.82476
1550.680565	.82523
1551.644918	.82633
1552.609272	.82613
1553.573625	.82405
1554.537979	.82306
1555.502332	.82406
1556.466686	.8223
1557.431040	.81603
1558.395393	.8103
1559.359747	.80995
1560.324100	.81513
1561.288454	.82261
1562.252808	.82771
1563.217161	.82916
1564.181515	.82868
1565.145868	.82868
1566.110222	.82989
1567.074575	.83067
1568.038929	.82934
1569.003283	.8268
1569.967636	.82655
1570.931990	.82927
1571.896343	.83163
1572.860697	.8323
1573.825051	.8316
1574.789404	.82847
1575.753758	.82417
1576.718111	.82456
1577.682465	.82908
1578.646819	.8322
1579.611172	.83328
1580.575526	.83367
1581.539879	.83388
1582.504233	.83409
1583.468586	.83434
1584.432940	.83465
1585.397294	.83491
1586.361647	.83511
1587.326001	.83531
1588.290354	.8356
1589.254708	.836
1590.219062	.83647
1591.183415	.83683
1592.147769	.83704
1593.112122	.83717
1594.076476	.8373
1595.040829	.83769
1596.005183	.83822
1596.969537	.83863
1597.933890	.83905
1598.898244	.83953
1599.862597	.83978
1600.826951	.83975
1601.791305	.83959
1602.755658	.83954
1603.720012	.83979
1604.684365	.84003
1605.648719	.8399
1606.613072	.83959
1607.577426	.83936
1608.541780	.83921
1609.506133	.83925
1610.470487	.83957
1611.434840	.83979
1612.399194	.83968
1613.363548	.83935
1614.327901	.83837
1615.292255	.83506
1616.256608	.83049
1617.220962	.83057
1618.185316	.83478
1619.149669	.83734
1620.114023	.83766
1621.078376	.83712
1622.042730	.83535
1623.007083	.83304
1623.971437	.83301
1624.935791	.83507
1625.900144	.83614
1626.864498	.83547
1627.828851	.8349
1628.793205	.8357
1629.757559	.83685
1630.721912	.83743
1631.686266	.83756
1632.650619	.83697
1633.614973	.83426
1634.579326	.8292
1635.543680	.82666
1636.508034	.82991
1637.472387	.83429
1638.436741	.83693
1639.401094	.83825
1640.365448	.83874
1641.329802	.83896
1642.294155	.83928
1643.258509	.83953
1644.222862	.83854
1645.187216	.83566
1646.151569	.83376
1647.115923	.83541
1648.080277	.839
1649.044630	.84276
1650.008984	.84483
1650.973337	.84236
1651.937691	.83455
1652.902045	.8286
1653.866398	.83367
1654.830752	.84336
1655.795105	.85006
1656.759459	.8533
1657.723813	.85474
1658.688166	.85558
1659.652520	.85611
1660.616873	.85598
1661.581227	.85447
1662.545580	.85283
1663.509934	.85369
1664.474288	.856
1665.438641	.85718
1666.402995	.85709
1667.367348	.8557
1668.331702	.85257
1669.296056	.85034
1670.260409	.85132
1671.224763	.85333
1672.189116	.85483
1673.153470	.85509
1674.117823	.85259
1675.082177	.84972
1676.046531	.8511
1677.010884	.85459
1677.975238	.85613
1678.939591	.85583
1679.903945	.85525
1680.868299	.85492
1681.832652	.85357
1682.797006	.84952
1683.761359	.844
1684.725713	.84277
1685.690067	.84785
1686.654420	.85283
1687.618774	.85452
1688.583127	.85449
1689.547481	.85409
1690.511834	.85393
1691.476188	.85414
1692.440542	.85395
1693.404895	.85244
1694.369249	.84813
1695.333602	.84209
1696.297956	.84083
1697.262310	.84438
1698.226663	.84465
1699.191017	.83872
1700.155370	.83315
1701.119724	.8369
1702.084077	.84381
1703.048431	.84612
1704.012785	.84494
1704.977138	.84326
1705.941492	.84236
1706.905845	.84297
1707.870199	.84444
1708.834553	.84493
1709.798906	.84439
1710.763260	.84422
1711.727613	.84446
1712.691967	.84412
1713.656320	.84277
1714.620674	.84173
1715.585028	.84181
1716.549381	.84123
1717.513735	.84044
1718.478088	.84271
1719.442442	.84678
1720.406796	.84882
1721.371149	.84808
1722.335503	.84611
1723.299856	.84468
1724.264210	.84483
1725.228564	.84636
1726.192917	.8483
1727.157271	.84992
1728.121624	.85082
1729.085978	.85079
1730.050331	.85044
1731.014685	.85023
1731.979039	.84872
1732.943392	.84442
1733.907746	.84031
1734.872099	.84191
1735.836453	.84688
1736.800807	.84967
1737.765160	.84924
1738.729514	.84683
1739.693867	.84518
1740.658221	.8468
1741.622574	.84967
1742.586928	.85119
1743.551282	.8522
1744.515635	.85367
1745.479989	.85498
1746.444342	.85555
1747.408696	.85557
1748.373050	.85592
1749.337403	.85672
1750.301757	.857
1751.266110	.85767
1752.230464	.86027
1753.194817	.86301
1754.159171	.86435
1755.123525	.86465
1756.087878	.86433
1757.052232	.86446
1758.016585	.86571
1758.980939	.86705
1759.945293	.86715
1760.909646	.86581
1761.874000	.86517
1762.838353	.86684
1763.802707	.86883
1764.767061	.86957
1765.731414	.86959
1766.695768	.86905
1767.660121	.86812
1768.624475	.86803
1769.588828	.86838
1770.553182	.86731
1771.517536	.86467
1772.481889	.86345
1773.446243	.86588
1774.410596	.86902
1775.374950	.87014
1776.339304	.86998
1777.303657	.8694
1778.268011	.86841
1779.232364	.86692
1780.196718	.86508
1781.161071	.86378
1782.125425	.86341
1783.089779	.8634
1784.054132	.86368
1785.018486	.8647
1785.982839	.86629
1786.947193	.86762
1787.911547	.86835
1788.875900	.86844
1789.840254	.86779
1790.804607	.86627
1791.768961	.86408
1792.733315	.86328
1793.697668	.86511
1794.662022	.86698
1795.626375	.86732
1796.590729	.86724
1797.555082	.86706
1798.519436	.86628
1799.483790	.86545
1800.448143	.86526
1801.412497	.86529
1802.376850	.86539
1803.341204	.86584
1804.305558	.86615
1805.269911	.86603
1806.234265	.86579
1807.198618	.8655
1808.162972	.86516
1809.127325	.86469
1810.091679	.86415
1811.056033	.864
1812.020386	.86428
1812.984740	.86448
1813.949093	.86447
1814.913447	.86438
1815.877801	.86425
1816.842154	.86418
1817.806508	.86425
1818.770861	.86445
1819.735215	.86486
1820.699568	.8656
1821.663922	.86639
1822.628276	.8671
1823.592629	.86764
1824.556983	.86787
1825.521336	.86869
1826.485690	.87048
1827.450044	.87187
1828.414397	.87181
1829.378751	.87097
1830.343104	.87146
1831.307458	.87358
1832.271812	.87532
1833.236165	.87594
1834.200519	.87621
1835.164872	.87634
1836.129226	.8761
1837.093579	.87593
1838.057933	.87623
1839.022287	.87656
1839.986640	.87653
1840.950994	.87634
1841.915347	.87589
1842.879701	.87408
1843.844055	.87143
1844.808408	.87133
1845.772762	.87361
1846.737115	.87494
1847.701469	.87486
1848.665822	.87473
1849.630176	.8748
1850.594530	.87465
1851.558883	.87417
1852.523237	.87363
1853.487590	.87316
1854.451944	.87282
1855.416298	.8726
1856.380651	.87236
1857.345005	.872
1858.309358	.87168
1859.273712	.8714
1860.238065	.87097
1861.202419	.87044
1862.166773	.87004
1863.131126	.86981
1864.095480	.86958
1865.059833	.86914
1866.024187	.86843
1866.988541	.86746
1867.952894	.86624
1868.917248	.86549
1869.881601	.86605
1870.845955	.86704
1871.810309	.86751
1872.774662	.8677
1873.739016	.8678
1874.703369	.86767
1875.667723	.86736
1876.632076	.86703
1877.596430	.8668
1878.560784	.86663
1879.525137	.86639
1880.489491	.86608
1881.453844	.86567
1882.418198	.86497
1883.382552	.86406
1884.346905	.86313
1885.311259	.86215
1886.275612	.86097
1887.239966	.85937
1888.204319	.85696
1889.168673	.854
1890.133027	.85151
1891.097380	.84948
1892.061734	.84729
1893.026087	.84489
1893.990441	.84259
1894.954795	.84088
1895.919148	.84016
1896.883502	.84014
1897.847855	.84043
1898.812209	.84107
1899.776562	.84212
1900.740916	.84327
1901.705270	.84435
1902.669623	.8456
1903.633977	.84712
1904.598330	.84856
1905.562684	.84965
1906.527038	.85055
1907.491391	.85133
1908.455745	.85194
1909.420098	.85244
1910.384452	.85298
1911.348806	.85363
1912.313159	.85434
1913.277513	.85494
1914.241866	.85521
1915.206220	.85532
1916.170573	.85525
1917.134927	.85482
1918.099281	.85476
1919.063634	.85566
1920.027988	.85662
1920.992341	.85691
1921.956695	.85679
1922.921049	.85687
1923.885402	.8574
1924.849756	.85802
1925.814109	.85851
1926.778463	.8589
1927.742816	.85913
1928.707170	.85923
1929.671524	.85938
1930.635877	.85972
1931.600231	.86015
1932.564584	.86052
1933.528938	.86072
1934.493292	.86085
1935.457645	.86104
1936.421999	.86137
1937.386352	.86176
1938.350706	.8622
1939.315060	.86265
1940.279413	.8629
1941.243767	.86273
1942.208120	.8626
1943.172474	.86316
1944.136827	.86399
1945.101181	.86443
1946.065535	.86467
1947.029888	.86488
1947.994242	.86508
1948.958595	.86544
1949.922949	.86589
1950.887303	.86605
1951.851656	.86589
1952.816010	.86576
1953.780363	.86575
1954.744717	.86572
1955.709070	.86577
1956.673424	.86586
1957.637778	.86581
1958.602131	.86566
1959.566485	.86552
1960.530838	.8654
1961.495192	.86533
1962.459546	.86542
1963.423899	.86558
1964.388253	.86568
1965.352606	.86576
1966.316960	.86578
1967.281313	.86567
1968.245667	.86566
1969.210021	.86597
1970.174374	.86642
1971.138728	.86651
1972.103081	.86617
1973.067435	.86592
1974.031789	.86592
1974.996142	.8658
1975.960496	.86552
1976.924849	.86522
1977.889203	.86496
1978.853557	.86478
1979.817910	.86463
1980.782264	.86453
1981.746617	.86449
1982.710971	.86438
1983.675324	.86422
1984.639678	.86418
1985.604032	.86422
1986.568385	.86416
1987.532739	.86398
1988.497092	.86384
1989.461446	.86376
1990.425800	.86341
1991.390153	.8628
1992.354507	.86255
1993.318860	.86274
1994.283214	.86284
1995.247567	.86262
1996.211921	.86222
1997.176275	.86187
1998.140628	.86149
1999.104982	.86092
2000.069335	.86031
2001.033689	.85972
2001.998043	.85902
2002.962396	.85815
2003.926750	.85711
2004.891103	.85583
2005.855457	.85424
2006.819810	.85244
2007.784164	.8504
2008.748518	.84795
2009.712871	.84504
2010.677225	.84172
2011.641578	.83792
2012.605932	.83361
2013.570286	.82893
2014.534639	.82429
2015.498993	.82021
2016.463346	.81711
2017.427700	.81521
2018.392054	.81434
2019.356407	.81426
2020.320761	.81485
2021.285114	.81594
2022.249468	.8173
2023.213821	.81885
2024.178175	.8207
2025.142529	.82277
2026.106882	.8247
2027.071236	.8263
2028.035589	.82776
2028.999943	.82929
2029.964297	.83072
2030.928650	.83179
2031.893004	.8326
2032.857357	.83343
2033.821711	.83437
2034.786064	.83534
2035.750418	.83621
2036.714772	.83703
2037.679125	.83801
2038.643479	.83914
2039.607832	.84017
2040.572186	.84101
2041.536540	.84173
2042.500893	.84233
2043.465247	.84297
2044.429600	.84379
2045.393954	.84467
2046.358308	.84549
2047.322661	.8463
2048.287015	.84707
2049.251368	.84773
2050.215722	.84842
2051.180075	.84912
2052.144429	.84963
2053.108783	.85011
2054.073136	.85088
2055.037490	.85175
2056.001843	.85237
2056.966197	.85289
2057.930551	.85359
2058.894904	.85441
2059.859258	.85505
2060.823611	.85546
2061.787965	.85591
2062.752318	.85652
2063.716672	.85714
2064.681026	.85762
2065.645379	.85805
2066.609733	.85849
2067.574086	.85888
2068.538440	.85934
2069.502794	.86003
2070.467147	.86072
2071.431501	.86099
2072.395854	.86102
2073.360208	.86131
2074.324561	.86185
2075.288915	.86221
2076.253269	.86226
2077.217622	.86223
2078.181976	.86236
2079.146329	.86257
2080.110683	.8627
2081.075037	.86287
2082.039390	.86315
2083.003744	.86333
2083.968097	.86331
2084.932451	.86324
2085.896805	.86316
2086.861158	.86315
2087.825512	.86317
2088.789865	.86311
2089.754219	.86306
2090.718572	.86311
2091.682926	.86316
2092.647280	.8631
2093.611633	.86296
2094.575987	.86281
2095.540340	.86268
2096.504694	.86263
2097.469048	.86264
2098.433401	.86246
2099.397755	.86211
2100.362108	.86195
2101.326462	.86202
2102.290815	.86198
2103.255169	.86188
2104.219523	.86197
2105.183876	.86204
2106.148230	.86201
2107.112583	.86207
2108.076937	.86208
2109.041291	.86203
2110.005644	.86213
2110.969998	.86224
2111.934351	.86227
2112.898705	.8624
2113.863058	.8626
2114.827412	.8627
2115.791766	.86274
2116.756119	.86289
2117.720473	.86306
2118.684826	.86309
2119.649180	.86308
2120.613534	.86318
2121.577887	.86338
2122.542241	.86353
2123.506594	.86348
2124.470948	.86343
2125.435302	.86342
2126.399655	.86318
2127.364009	.86279
2128.328362	.86257
2129.292716	.8625
2130.257069	.86224
2131.221423	.86179
2132.185777	.86139
2133.150130	.86104
2134.114484	.86044
2135.078837	.85966
2136.043191	.8589
2137.007545	.85805
2137.971898	.85709
2138.936252	.85624
2139.900605	.8555
2140.864959	.85469
2141.829312	.8537
2142.793666	.85268
2143.758020	.85182
2144.722373	.85107
2145.686727	.85031
2146.651080	.84958
2147.615434	.84898
2148.579788	.84872
2149.544141	.84882
2150.508495	.84886
2151.472848	.84857
2152.437202	.8483
2153.401556	.84832
2154.365909	.84843
2155.330263	.84854
2156.294616	.84881
2157.258970	.84915
2158.223323	.84935
2159.187677	.84952
2160.152031	.84986
2161.116384	.85027
2162.080738	.8506
2163.045091	.85087
2164.009445	.85117
2164.973799	.85153
2165.938152	.85189
2166.902506	.85215
2167.866859	.85235
2168.831213	.85253
2169.795566	.8527
2170.759920	.85283
2171.724274	.85286
2172.688627	.85284
2173.652981	.85288
2174.617334	.85302
2175.581688	.8532
2176.546042	.85333
2177.510395	.8534
2178.474749	.85342
2179.439102	.85341
2180.403456	.85355
2181.367809	.85387
2182.332163	.85415
2183.296517	.85433
2184.260870	.85448
2185.225224	.8546
2186.189577	.8547
2187.153931	.85491
2188.118285	.85524
2189.082638	.8555
2190.046992	.85559
2191.011345	.85558
2191.975699	.8556
2192.940053	.85568
2193.904406	.85583
2194.868760	.85607
2195.833113	.85638
2196.797467	.85663
2197.761820	.85662
2198.726174	.85647
2199.690528	.85646
2200.654881	.85646
2201.619235	.85645
2202.583588	.8564
2203.547942	.85624
2204.512296	.85622
2205.476649	.85634
2206.441003	.85617
2207.405356	.85571
2208.369710	.85542
2209.334063	.85528
2210.298417	.85491
2211.262771	.85437
2212.227124	.85395
2213.191478	.85361
2214.155831	.85325
2215.120185	.85292
2216.084539	.85259
2217.048892	.85212
2218.013246	.85143
2218.977599	.85071
2219.941953	.85029
2220.906306	.85011
2221.870660	.84993
2222.835014	.8498
2223.799367	.84993
2224.763721	.85022
2225.728074	.85048
2226.692428	.85073
2227.656782	.85097
2228.621135	.85118
2229.585489	.8513
2230.549842	.85125
2231.514196	.85105
2232.478550	.85079
2233.442903	.85036
2234.407257	.84972
2235.371610	.84885
2236.335964	.84769
2237.300317	.84658
2238.264671	.84566
2239.229025	.84457
2240.193378	.84333
2241.157732	.84229
2242.122085	.84163
2243.086439	.84142
2244.050793	.84159
2245.015146	.84183
2245.979500	.84192
2246.943853	.84215
2247.908207	.84281
2248.872560	.84344
2249.836914	.84367
2250.801268	.8438
2251.765621	.84413
2252.729975	.84451
2253.694328	.84465
2254.658682	.84458
2255.623036	.84443
2256.587389	.84435
2257.551743	.84433
2258.516096	.84429
2259.480450	.84413
2260.444804	.84381
2261.409157	.84358
2262.373511	.8435
2263.337864	.84313
2264.302218	.84228
2265.266571	.84131
2266.230925	.84039
2267.195279	.83938
2268.159632	.83831
2269.123986	.8372
2270.088339	.83584
2271.052693	.83419
2272.017047	.8327
2272.981400	.83159
2273.945754	.83066
2274.910107	.82987
2275.874461	.82917
2276.838814	.82851
2277.803168	.82794
2278.767522	.82756
2279.731875	.82731
2280.696229	.82705
2281.660582	.82678
2282.624936	.82656
2283.589290	.82644
2284.553643	.82646
2285.517997	.82665
2286.482350	.82689
2287.446704	.82704
2288.411057	.82703
2289.375411	.82695
2290.339765	.82698
2291.304118	.82707
2292.268472	.8271
2293.232825	.82721
2294.197179	.82742
2295.161533	.82764
2296.125886	.8277
2297.090240	.82773
2298.054593	.82776
2299.018947	.82775
2299.983301	.82784
2300.947654	.82805
2301.912008	.82825
2302.876361	.82845
2303.840715	.82879
2304.805068	.82933
2305.769422	.83002
2306.733776	.83062
2307.698129	.83097
2308.662483	.8314
2309.626836	.83207
2310.591190	.83291
2311.555544	.83378
2312.519897	.83436
2313.484251	.83439
2314.448604	.83396
2315.412958	.83375
2316.377311	.83402
2317.341665	.8347
2318.306019	.83569
2319.270372	.83677
2320.234726	.83777
2321.199079	.83836
2322.163433	.83856
2323.127787	.83848
2324.092140	.83775
2325.056494	.83675
2326.020847	.83639
2326.985201	.83701
2327.949554	.83848
2328.913908	.84034
2329.878262	.842
2330.842615	.84288
2331.806969	.84267
2332.771322	.84194
2333.735676	.8414
2334.700030	.84174
2335.664383	.84335
2336.628737	.84498
2337.593090	.84563
2338.557444	.8461
2339.521798	.84664
2340.486151	.84687
2341.450505	.84712
2342.414858	.84775
2343.379212	.84849
2344.343565	.84835
2345.307919	.84621
2346.272273	.84171
2347.236626	.83524
2348.200980	.82974
2349.165333	.83009
2350.129687	.8376
2351.094041	.84842
2352.058394	.85834
2353.022748	.86705
2353.987101	.87548
2354.951455	.88299
2355.915808	.88948
2356.880162	.89558
2357.844516	.90086
2358.808869	.90476
2359.773223	.90722
2360.737576	.90849
2361.701930	.90916
2362.666284	.90944
2363.630637	.90926
2364.594991	.90825
2365.559344	.90628
2366.523698	.90387
2367.488052	.90116
2368.452405	.89793
2369.416759	.89444
2370.381112	.89102
2371.345466	.88741
2372.309819	.88337
2373.274173	.87916
2374.238527	.87506
2375.202880	.87096
2376.167234	.86657
2377.131587	.86181
2378.095941	.85713
2379.060295	.85283
2380.024648	.8489
2380.989002	.84545
2381.953355	.84247
2382.917709	.83987
2383.882062	.83782
2384.846416	.83646
2385.810770	.83544
2386.775123	.83443
2387.739477	.83365
2388.703830	.83336
2389.668184	.83322
2390.632538	.833
2391.596891	.83274
2392.561245	.83247
2393.525598	.83223
2394.489952	.832
2395.454305	.83168
2396.418659	.8313
2397.383013	.83107
2398.347366	.83099
2399.311720	.83089
2400.276073	.83064
2401.240427	.83035
2402.204781	.83014
2403.169134	.82993
2404.133488	.82965
2405.097841	.8293
2406.062195	.82888
2407.026549	.82837
2407.990902	.82786
2408.955256	.82746
2409.919609	.82708
2410.883963	.82653
2411.848316	.82582
2412.812670	.82504
2413.777024	.82432
2414.741377	.82386
2415.705731	.82377
2416.670084	.82399
2417.634438	.82437
2418.598792	.82485
2419.563145	.82549
2420.527499	.82632
2421.491852	.82737
2422.456206	.82844
2423.420559	.82944
2424.384913	.83057
2425.349267	.83172
2426.313620	.83254
2427.277974	.83312
2428.242327	.83365
2429.206681	.83403
2430.171035	.83424
2431.135388	.83448
2432.099742	.83474
2433.064095	.8351
2434.028449	.83569
2434.992802	.83628
2435.957156	.83664
2436.921510	.83682
2437.885863	.83699
2438.850217	.83722
2439.814570	.83749
2440.778924	.83769
2441.743278	.83771
2442.707631	.83756
2443.671985	.83737
2444.636338	.83727
2445.600692	.83723
2446.565046	.83722
2447.529399	.83723
2448.493753	.83715
2449.458106	.83694
2450.422460	.83672
2451.386813	.83664
2452.351167	.83663
2453.315521	.83634
2454.279874	.83589
2455.244228	.83568
2456.208581	.83572
2457.172935	.83561
2458.137289	.83523
2459.101642	.83496
2460.065996	.83487
2461.030349	.83469
2461.994703	.83423
2462.959056	.83365
2463.923410	.8331
2464.887764	.83253
2465.852117	.83192
2466.816471	.83112
2467.780824	.83
2468.745178	.82862
2469.709532	.82703
2470.673885	.82519
2471.638239	.82338
2472.602592	.82217
2473.566946	.82176
2474.531300	.82182
2475.495653	.82201
2476.460007	.82238
2477.424360	.82295
2478.388714	.82335
2479.353067	.82331
2480.317421	.82305
2481.281775	.82292
2482.246128	.82293
2483.210482	.82288
2484.174835	.8227
2485.139189	.82239
2486.103543	.82204
2487.067896	.82184
2488.032250	.82162
2488.996603	.82115
2489.960957	.82063
2490.925310	.82027
2491.889664	.81996
2492.854018	.81959
2493.818371	.81915
2494.782725	.81863
2495.747078	.818
2496.711432	.81727
2497.675786	.81662
2498.640139	.81627
2499.604493	.81597
2500.568846	.81539
2501.533200	.81455
2502.497553	.81363
2503.461907	.81283
2504.426261	.81219
2505.390614	.81151
2506.354968	.81075
2507.319321	.80995
2508.283675	.80912
2509.248029	.8083
2510.212382	.80749
2511.176736	.80667
2512.141089	.80576
2513.105443	.8046
2514.069797	.80323
2515.034150	.8019
2515.998504	.80061
2516.962857	.79925
2517.927211	.79776
2518.891564	.79608
2519.855918	.79414
2520.820272	.79197
2521.784625	.78982
2522.748979	.788
2523.713332	.78643
2524.677686	.7848
2525.642040	.78329
2526.606393	.78236
2527.570747	.78203
2528.535100	.78211
2529.499454	.78249
2530.463807	.78305
2531.428161	.78369
2532.392515	.78436
2533.356868	.78514
2534.321222	.78614
2535.285575	.78727
2536.249929	.78813
2537.214283	.78842
2538.178636	.7882
2539.142990	.78771
2540.107343	.78708
2541.071697	.78609
2542.036050	.78456
2543.000404	.78263
2543.964758	.78035
2544.929111	.77782
2545.893465	.77552
2546.857818	.77376
2547.822172	.77235
2548.786526	.77105
2549.750879	.77005
2550.715233	.76945
2551.679586	.769
2552.643940	.76859
2553.608294	.76829
2554.572647	.7679
2555.537001	.76715
2556.501354	.76622
2557.465708	.76542
2558.430061	.76467
2559.394415	.76383
2560.358769	.76295
2561.323122	.76199
2562.287476	.76092
2563.251829	.75988
2564.216183	.75882
2565.180537	.75752
2566.144890	.75611
2567.109244	.7548
2568.073597	.75357
2569.037951	.75233
2570.002304	.7511
2570.966658	.74978
2571.931012	.74839
2572.895365	.74711
2573.859719	.74569
2574.824072	.74386
2575.788426	.74206
2576.752780	.74055
2577.717133	.73905
2578.681487	.73733
2579.645840	.73555
2580.610194	.73391
2581.574547	.73229
2582.538901	.73051
2583.503255	.7286
2584.467608	.7267
2585.431962	.72481
2586.396315	.72275
2587.360669	.72065
2588.325023	.71876
2589.289376	.7168
2590.253730	.71448
2591.218083	.71209
2592.182437	.70991
2593.146791	.70784
2594.111144	.70579
2595.075498	.7038
2596.039851	.70189
2597.004205	.70006
2597.968558	.69827
2598.932912	.69652
2599.897266	.69482
2600.861619	.69304
2601.825973	.69116
2602.790326	.68921
2603.754680	.68713
2604.719034	.68501
2605.683387	.68289
2606.647741	.68066
2607.612094	.6783
2608.576448	.67595
2609.540801	.67359
2610.505155	.67091
2611.469509	.66794
2612.433862	.66514
2613.398216	.66254
2614.362569	.65977
2615.326923	.65675
2616.291277	.65365
2617.255630	.65052
2618.219984	.64729
2619.184337	.64411
2620.148691	.64111
2621.113045	.63827
2622.077398	.63547
2623.041752	.63239
2624.006105	.62885
2624.970459	.62516
2625.934812	.6216
2626.899166	.61817
2627.863520	.61482
2628.827873	.61142
2629.792227	.60792
2630.756580	.6046
2631.720934	.60159
2632.685288	.59874
2633.649641	.59622
2634.613995	.59444
2635.578348	.59361
2636.542702	.59363
2637.507055	.594
2638.471409	.5943
2639.435763	.5947
2640.400116	.5955
2641.364470	.59654
2642.328823	.59746
2643.293177	.59813
2644.257531	.59877
2645.221884	.59944
2646.186238	.59978
2647.150591	.59967
2648.114945	.59937
2649.079298	.59892
2650.043652	.59822
2651.008006	.59729
2651.972359	.59622
2652.936713	.59509
2653.901066	.59394
2654.865420	.59273
2655.829774	.5916
2656.794127	.59071
2657.758481	.58991
2658.722834	.58905
2659.687188	.58832
2660.651542	.58789
2661.615895	.58755
2662.580249	.58714
2663.544602	.58686
2664.508956	.58697
2665.473309	.58741
2666.437663	.5879
2667.402017	.58854
2668.366370	.58953
2669.330724	.59075
2670.295077	.59212
2671.259431	.59372
2672.223785	.59544
2673.188138	.59712
2674.152492	.5988
2675.116845	.60053
2676.081199	.60214
2677.045552	.60364
2678.009906	.60509
2678.974260	.60633
2679.938613	.6074
2680.902967	.60858
2681.867320	.60974
2682.831674	.6108
2683.796028	.61206
2684.760381	.61346
2685.724735	.61463
2686.689088	.61567
2687.653442	.61674
2688.617795	.61794
2689.582149	.61935
2690.546503	.62093
2691.510856	.62243
2692.475210	.62355
2693.439563	.62422
2694.403917	.6249
2695.368271	.62579
2696.332624	.6265
2697.296978	.62659
2698.261331	.62605
2699.225685	.62514
2700.190039	.62423
2701.154392	.62335
2702.118746	.62232
2703.083099	.62098
2704.047453	.61939
2705.011806	.61787
2705.976160	.61657
2706.940514	.61527
2707.904867	.6138
2708.869221	.61222
2709.833574	.61071
2710.797928	.60931
2711.762282	.60784
2712.726635	.60632
2713.690989	.60499
2714.655342	.60369
2715.619696	.60227
2716.584049	.60082
2717.548403	.59927
2718.512757	.59764
2719.477110	.59602
2720.441464	.59417
2721.405817	.592
2722.370171	.58986
2723.334525	.58778
2724.298878	.58546
2725.263232	.58283
2726.227585	.58008
2727.191939	.57747
2728.156293	.57521
2729.120646	.57334
2730.085000	.57179
2731.049353	.57061
2732.013707	.56983
2732.978060	.56911
2733.942414	.56824
2734.906768	.56726
2735.871121	.56643
2736.835475	.56598
2737.799828	.5658
2738.764182	.56566
2739.728536	.56551
2740.692889	.56552
2741.657243	.56584
2742.621596	.56639
2743.585950	.56711
2744.550303	.56791
2745.514657	.56862
2746.479011	.5691
2747.443364	.56934
2748.407718	.56947
2749.372071	.56951
2750.336425	.56934
2751.300779	.56874
2752.265132	.56781
2753.229486	.56676
2754.193839	.56541
2755.158193	.56365
2756.122546	.56165
2757.086900	.55954
2758.051254	.55723
2759.015607	.55477
2759.979961	.55235
2760.944314	.54995
2761.908668	.54749
2762.873022	.54502
2763.837375	.54237
2764.801729	.53947
2765.766082	.53669
2766.730436	.53413
2767.694790	.5313
2768.659143	.52802
2769.623497	.52457
2770.587850	.521
2771.552204	.51724
2772.516557	.51319
2773.480911	.5087
2774.445265	.50404
2775.409618	.49938
2776.373972	.49449
2777.338325	.48933
2778.302679	.48389
2779.267033	.47803
2780.231386	.47184
2781.195740	.46559
2782.160093	.45915
2783.124447	.45226
2784.088800	.44518
2785.053154	.43815
2786.017508	.43103
2786.981861	.42352
2787.946215	.41559
2788.910568	.40763
2789.874922	.39989
2790.839276	.39212
2791.803629	.38406
2792.767983	.37591
2793.732336	.36798
2794.696690	.36027
2795.661043	.35264
2796.625397	.34516
2797.589751	.33783
2798.554104	.33056
2799.518458	.32322
2800.482811	.3158
2801.447165	.30847
2802.411519	.30132
2803.375872	.29422
2804.340226	.28701
2805.304579	.27956
2806.268933	.27196
2807.233287	.26446
2808.197640	.25707
2809.161994	.2497
2810.126347	.24225
2811.090701	.23453
2812.055054	.22651
2813.019408	.21838
2813.983762	.21021
2814.948115	.20195
2815.912469	.19356
2816.876822	.18495
2817.841176	.17615
2818.805530	.16723
2819.769883	.15822
2820.734237	.14928
2821.698590	.14048
2822.662944	.13145
2823.627297	.12199
2824.591651	.11221
2825.556005	.10239
2826.520358	.092884
2827.484712	.083698
2828.449065	.074463
2829.413419	.065132
2830.377773	.056156
2831.342126	.047742
2832.306480	.039663
2833.270833	.031818
2834.235187	.024479
2835.199541	.018054
2836.163894	.012717
2837.128248	.0083845
2838.092601	.0051844
2839.056955	.0031837
2840.021308	.0020503
2840.985662	.0014868
2841.950016	.0014248
2842.914369	.0016085
2843.878723	.0017177
2844.843076	.0017896
2845.807430	.0018585
2846.771784	.001778
2847.736137	.0016761
2848.700491	.0016532
2849.664844	.0015533
2850.629198	.0015832
2851.593551	.00187
2852.557905	.0021471
2853.522259	.0021373
2854.486612	.0018648
2855.450966	.0016271
2856.415319	.0015545
2857.379673	.0013737
2858.344027	.0011313
2859.308380	.0010518
2860.272734	.0011061
2861.237087	.0012669
2862.201441	.0012766
2863.165794	.0010487
2864.130148	.0010478
2865.094502	.0012844
2866.058855	.0014645
2867.023209	.0017584
2867.987562	.0021765
2868.951916	.0024087
2869.916270	.0025067
2870.880623	.0026127
2871.844977	.0026449
2872.809330	.0025787
2873.773684	.0025334
2874.738038	.0025518
2875.702391	.0025505
2876.666745	.0023893
2877.631098	.0021432
2878.595452	.0020624
2879.559805	.0020764
2880.524159	.0018957
2881.488513	.0015489
2882.452866	.0012531
2883.417220	.0011105
2884.381573	.0010205
2885.345927	.0009594
2886.310281	.0010009
2887.274634	.0010343
2888.238988	.0008362
2889.203341	.000627
2890.167695	.0006486
2891.132048	.0007847
2892.096402	.0008699
2893.060756	.0007914
2894.025109	.0006284
2894.989463	.0005714
2895.953816	.0005349
2896.918170	.0004928
2897.882524	.0005494
2898.846877	.0006194
2899.811231	.0006407
2900.775584	.0007421
2901.739938	.0008554
2902.704291	.0008071
2903.668645	.0005952
2904.632999	.0005108
2905.597352	.0006529
2906.561706	.0007692
2907.526059	.0006874
2908.490413	.0004896
2909.454767	.0003544
2910.419120	.0003901
2911.383474	.0004878
2912.347827	.0005729
2913.312181	.0005856
2914.276535	.0005119
2915.240888	.0004218
2916.205242	.0003923
2917.169595	.0004811
2918.133949	.0006351
2919.098302	.0005386
2920.062656	.0003385
2921.027010	.0003236
2921.991363	.0005192
2922.955717	.0005837
2923.920070	.0003882
2924.884424	.0001722
2925.848778	.0001816
2926.813131	.0003075
2927.777485	.0004189
2928.741838	.000411
2929.706192	.0003062
2930.670545	.0002994
2931.634899	.0005113
2932.599253	.0006596
2933.563606	.0006506
2934.527960	.0007164
2935.492313	.0009131
2936.456667	.0009392
2937.421021	.0007207
2938.385374	.0005053
2939.349728	.0004512
2940.314081	.0005143
2941.278435	.0006145
2942.242789	.0007378
2943.207142	.0007829
2944.171496	.0005369
2945.135849	.0005055
2946.100203	.0008255
2947.064556	.0013107
2948.028910	.0017703
2948.993264	.0021687
2949.957617	.0025924
2950.921971	.0030297
2951.886324	.00331
2952.850678	.0034804
2953.815032	.0038895
2954.779385	.0046079
2955.743739	.00529
2956.708092	.0058875
2957.672446	.0066537
2958.636799	.0076365
2959.601153	.0088784
2960.565507	.01055
2961.529860	.012714
2962.494214	.01549
2963.458567	.019121
2964.422921	.023812
2965.387275	.029659
2966.351628	.036642
2967.315982	.044772
2968.280335	.054277
2969.244689	.065378
2970.209042	.077909
2971.173396	.091604
2972.137750	.10627
2973.102103	.12169
2974.066457	.13778
2975.030810	.15454
2975.995164	.17168
2976.959518	.18852
2977.923871	.20477
2978.888225	.22067
2979.852578	.23621
2980.816932	.25125
2981.781286	.26584
2982.745639	.27991
2983.709993	.29339
2984.674346	.30624
2985.638700	.31833
2986.603053	.32967
2987.567407	.34048
2988.531761	.35102
2989.496114	.36117
2990.460468	.37066
2991.424821	.37959
2992.389175	.38824
2993.353529	.39656
2994.317882	.40438
2995.282236	.41159
2996.246589	.41836
2997.210943	.42503
2998.175296	.43165
2999.139650	.43793
3000.104004	.44376
3001.068357	.44932
3002.032711	.45478
3002.997064	.4601
3003.961418	.46519
3004.925772	.47005
3005.890125	.47471
3006.854479	.47912
3007.818832	.48322
3008.783186	.48717
3009.747539	.4911
3010.711893	.49496
3011.676247	.49872
3012.640600	.50246
3013.604954	.50611
3014.569307	.50954
3015.533661	.51271
3016.498015	.51587
3017.462368	.51905
3018.426722	.52199
3019.391075	.52468
3020.355429	.52745
3021.319783	.53031
3022.284136	.53299
3023.248490	.53557
3024.212843	.53833
3025.177197	.54137
3026.141550	.54441
3027.105904	.54733
3028.070258	.55037
3029.034611	.55362
3029.998965	.55683
3030.963318	.55985
3031.927672	.56278
3032.892026	.56582
3033.856379	.56929
3034.820733	.5732
3035.785086	.57726
3036.749440	.58133
3037.713793	.58546
3038.678147	.58955
3039.642501	.59363
3040.606854	.59782
3041.571208	.60188
3042.535561	.6057
3043.499915	.60968
3044.464269	.61386
3045.428622	.61796
3046.392976	.62176
3047.357329	.62511
3048.321683	.62825
3049.286037	.63149
3050.250390	.63474
3051.214744	.63798
3052.179097	.64117
3053.143451	.64408
3054.107804	.64666
3055.072158	.64919
3056.036512	.65195
3057.000865	.65486
3057.965219	.65747
3058.929572	.65969
3059.893926	.66184
3060.858280	.66395
3061.822633	.66596
3062.786987	.66794
3063.751340	.66991
3064.715694	.67191
3065.680047	.67394
3066.644401	.67585
3067.608755	.67766
3068.573108	.67933
3069.537462	.68093
3070.501815	.68278
3071.466169	.68465
3072.430523	.68614
3073.394876	.68745
3074.359230	.68872
3075.323583	.69
3076.287937	.69134
3077.252290	.69274
3078.216644	.69411
3079.180998	.69536
3080.145351	.69658
3081.109705	.69796
3082.074058	.69958
3083.038412	.70133
3084.002766	.70306
3084.967119	.70485
3085.931473	.70704
3086.895826	.70976
3087.860180	.71264
3088.824534	.71551
3089.788887	.71867
3090.753241	.72215
3091.717594	.72586
3092.681948	.72994
3093.646301	.7343
3094.610655	.7389
3095.575009	.74377
3096.539362	.74843
3097.503716	.75254
3098.468069	.75638
3099.432423	.76032
3100.396777	.76418
3101.361130	.76751
3102.325484	.77049
3103.289837	.77345
3104.254191	.77605
3105.218544	.7782
3106.182898	.78036
3107.147252	.78257
3108.111605	.78461
3109.075959	.78645
3110.040312	.78812
3111.004666	.78966
3111.969020	.79114
3112.933373	.79249
3113.897727	.79378
3114.862080	.79513
3115.826434	.79653
3116.790787	.79785
3117.755141	.79917
3118.719495	.80044
3119.683848	.80124
3120.648202	.80179
3121.612555	.80273
3122.576909	.80385
3123.541263	.80488
3124.505616	.80591
3125.469970	.8066
3126.434323	.80717
3127.398677	.80818
3128.363031	.80912
3129.327384	.8096
3130.291738	.81015
3131.256091	.8108
3132.220445	.81135
3133.184798	.81208
3134.149152	.8129
3135.113506	.81335
3136.077859	.81366
3137.042213	.81421
3138.006566	.81483
3138.970920	.81532
3139.935274	.81575
3140.899627	.81625
3141.863981	.81676
3142.828334	.81718
3143.792688	.81767
3144.757041	.81814
3145.721395	.81856
3146.685749	.81895
3147.650102	.8192
3148.614456	.81954
3149.578809	.81999
3150.543163	.82005
3151.507517	.81996
3152.471870	.82032
3153.436224	.82095
3154.400577	.82148
3155.364931	.82191
3156.329284	.82217
3157.293638	.82225
3158.257992	.82232
3159.222345	.82246
3160.186699	.82265
3161.151052	.82305
3162.115406	.82353
3163.079760	.82392
3164.044113	.82436
3165.008467	.82463
3165.972820	.82452
3166.937174	.82453
3167.901528	.82486
3168.865881	.82508
3169.830235	.82516
3170.794588	.82547
3171.758942	.82585
3172.723295	.82606
3173.687649	.82619
3174.652003	.82649
3175.616356	.82712
3176.580710	.82767
3177.545063	.82763
3178.509417	.82736
3179.473771	.82739
3180.438124	.82753
3181.402478	.82758
3182.366831	.82785
3183.331185	.82845
3184.295538	.8289
3185.259892	.82895
3186.224246	.82895
3187.188599	.82925
3188.152953	.82968
3189.117306	.82994
3190.081660	.83004
3191.046014	.83017
3192.010367	.83051
3192.974721	.83098
3193.939074	.83131
3194.903428	.83148
3195.867782	.83163
3196.832135	.83179
3197.796489	.83205
3198.760842	.83249
3199.725196	.83307
3200.689549	.83366
3201.653903	.83407
3202.618257	.83424
3203.582610	.83433
3204.546964	.83459
3205.511317	.83517
3206.475671	.83588
3207.440025	.83638
3208.404378	.83654
3209.368732	.8365
3210.333085	.83668
3211.297439	.83721
3212.261792	.83766
3213.226146	.83776
3214.190500	.83769
3215.154853	.83781
3216.119207	.8382
3217.083560	.83852
3218.047914	.83869
3219.012268	.83889
3219.976621	.83902
3220.940975	.83887
3221.905328	.83874
3222.869682	.83906
3223.834035	.83955
3224.798389	.8398
3225.762743	.84
3226.727096	.84025
3227.691450	.84036
3228.655803	.8407
3229.620157	.84121
3230.584511	.84126
3231.548864	.84099
3232.513218	.84103
3233.477571	.84152
3234.441925	.84207
3235.406279	.84228
3236.370632	.84234
3237.334986	.84249
3238.299339	.84256
3239.263693	.84249
3240.228046	.84245
3241.192400	.84247
3242.156754	.84255
3243.121107	.84266
3244.085461	.84276
3245.049814	.84286
3246.014168	.84307
3246.978522	.84344
3247.942875	.84382
3248.907229	.84389
3249.871582	.84379
3250.835936	.84389
3251.800289	.84403
3252.764643	.84409
3253.728997	.84425
3254.693350	.84457
3255.657704	.84483
3256.622057	.84487
3257.586411	.84475
3258.550765	.84467
3259.515118	.84469
3260.479472	.84478
3261.443825	.84484
3262.408179	.8448
3263.372532	.84462
3264.336886	.84433
3265.301240	.84413
3266.265593	.84418
3267.229947	.84432
3268.194300	.84429
3269.158654	.84405
3270.123008	.84394
3271.087361	.84407
3272.051715	.84421
3273.016068	.84442
3273.980422	.84459
3274.944776	.84444
3275.909129	.84419
3276.873483	.84418
3277.837836	.84443
3278.802190	.84473
3279.766543	.8449
3280.730897	.84499
3281.695251	.84504
3282.659604	.84501
3283.623958	.84486
3284.588311	.84452
3285.552665	.84428
3286.517019	.84454
3287.481372	.8451
3288.445726	.84537
3289.410079	.84527
3290.374433	.84511
3291.338786	.84497
3292.303140	.84483
3293.267494	.84474
3294.231847	.84472
3295.196201	.84496
3296.160554	.84542
3297.124908	.84581
3298.089262	.84599
3299.053615	.84597
3300.017969	.84576
3300.982322	.84549
3301.946676	.84537
3302.911030	.84554
3303.875383	.84562
3304.839737	.84538
3305.804090	.84521
3306.768444	.8452
3307.732797	.84503
3308.697151	.84478
3309.661505	.8447
3310.625858	.84471
3311.590212	.84481
3312.554565	.84508
3313.518919	.84529
3314.483273	.84533
3315.447626	.84526
3316.411980	.84505
3317.376333	.84477
3318.340687	.84445
3319.305040	.84407
3320.269394	.84393
3321.233748	.84413
3322.198101	.84422
3323.162455	.84414
3324.126808	.8441
3325.091162	.84399
3326.055516	.84371
3327.019869	.84355
3327.984223	.84358
3328.948576	.84345
3329.912930	.84308
3330.877283	.84271
3331.841637	.8424
3332.805991	.84224
3333.770344	.84231
3334.734698	.84239
3335.699051	.8423
3336.663405	.842
3337.627759	.8416
3338.592112	.84138
3339.556466	.84139
3340.520819	.8415
3341.485173	.84151
3342.449527	.84114
3343.413880	.8407
3344.378234	.8406
3345.342587	.8406
3346.306941	.84046
3347.271294	.84007
3348.235648	.83947
3349.200002	.83916
3350.164355	.83926
3351.128709	.83931
3352.093062	.83921
3353.057416	.83918
3354.021770	.83905
3354.986123	.83859
3355.950477	.83802
3356.914830	.83761
3357.879184	.83733
3358.843537	.83718
3359.807891	.83729
3360.772245	.8374
3361.736598	.83704
3362.700952	.83646
3363.665305	.83604
3364.629659	.83558
3365.594013	.83513
3366.558366	.83477
3367.522720	.8344
3368.487073	.83438
3369.451427	.83468
3370.415780	.83469
3371.380134	.83436
3372.344488	.83427
3373.308841	.83484
3374.273195	.83559
3375.237548	.83592
3376.201902	.83613
3377.166256	.8367
3378.130609	.83718
3379.094963	.83712
3380.059316	.83702
3381.023670	.83731
3381.988024	.83761
3382.952377	.83783
3383.916731	.83803
3384.881084	.83812
3385.845438	.83821
3386.809791	.83835
3387.774145	.83858
3388.738499	.83916
3389.702852	.8398
3390.667206	.83999
3391.631559	.83983
3392.595913	.83988
3393.560267	.84035
3394.524620	.84068
3395.488974	.84059
3396.453327	.84056
3397.417681	.84067
3398.382034	.84065
3399.346388	.84079
3400.310742	.84117
3401.275095	.84119
3402.239449	.8409
3403.203802	.84081
3404.168156	.84092
3405.132510	.84114
3406.096863	.84141
3407.061217	.84158
3408.025570	.8416
3408.989924	.84162
3409.954278	.84181
3410.918631	.84202
3411.882985	.84208
3412.847338	.84201
3413.811692	.84195
3414.776045	.84213
3415.740399	.84238
3416.704753	.84242
3417.669106	.84243
3418.633460	.84234
3419.597813	.84204
3420.562167	.84193
3421.526521	.84204
3422.490874	.84208
3423.455228	.84216
3424.419581	.84221
3425.383935	.8421
3426.348288	.84208
3427.312642	.84201
3428.276996	.84158
3429.241349	.84102
3430.205703	.84087
3431.170056	.84112
3432.134410	.84133
3433.098764	.8414
3434.063117	.84143
3435.027471	.84141
3435.991824	.84128
3436.956178	.84123
3437.920531	.84146
3438.884885	.84173
3439.849239	.84183
3440.813592	.84197
3441.777946	.84235
3442.742299	.84284
3443.706653	.84313
3444.671007	.84303
3445.635360	.84267
3446.599714	.84245
3447.564067	.84269
3448.528421	.84325
3449.492775	.84361
3450.457128	.8436
3451.421482	.8436
3452.385835	.84381
3453.350189	.8441
3454.314542	.84425
3455.278896	.84422
3456.243250	.84431
3457.207603	.84454
3458.171957	.84467
3459.136310	.8449
3460.100664	.84534
3461.065018	.84562
3462.029371	.84565
3462.993725	.84581
3463.958078	.846
3464.922432	.84617
3465.886785	.84663
3466.851139	.84708
3467.815493	.84716
3468.779846	.84731
3469.744200	.84778
3470.708553	.84822
3471.672907	.84856
3472.637261	.84884
3473.601614	.84894
3474.565968	.84896
3475.530321	.849
3476.494675	.84903
3477.459028	.84916
3478.423382	.84936
3479.387736	.84947
3480.352089	.84948
3481.316443	.84956
3482.280796	.84985
3483.245150	.85023
3484.209504	.85049
3485.173857	.85061
3486.138211	.8506
3487.102564	.85052
3488.066918	.85059
3489.031272	.85093
3489.995625	.85139
3490.959979	.85168
3491.924332	.85171
3492.888686	.85177
3493.853039	.85183
3494.817393	.85169
3495.781747	.85152
3496.746100	.85157
3497.710454	.85174
3498.674807	.85181
3499.639161	.85195
3500.603515	.85228
3501.567868	.85226
3502.532222	.85173
3503.496575	.85128
3504.460929	.85141
3505.425282	.85199
3506.389636	.85246
3507.353990	.85247
3508.318343	.85214
3509.282697	.85189
3510.247050	.85197
3511.211404	.8522
3512.175758	.85232
3513.140111	.85235
3514.104465	.85232
3515.068818	.8523
3516.033172	.85255
3516.997526	.85299
3517.961879	.85318
3518.926233	.85315
3519.890586	.85292
3520.854940	.85233
3521.819293	.85181
3522.783647	.85176
3523.748001	.85198
3524.712354	.85219
3525.676708	.85217
3526.641061	.8519
3527.605415	.85177
3528.569769	.85201
3529.534122	.8524
3530.498476	.8526
3531.462829	.85253
3532.427183	.8523
3533.391536	.85209
3534.355890	.85193
3535.320244	.85182
3536.284597	.85188
3537.248951	.85202
3538.213304	.85193
3539.177658	.8517
3540.142012	.85161
3541.106365	.85172
3542.070719	.85185
3543.035072	.8518
3543.999426	.85151
3544.963779	.85112
3545.928133	.85075
3546.892487	.85041
3547.856840	.85029
3548.821194	.85044
3549.785547	.85043
3550.749901	.84985
3551.714255	.84904
3552.678608	.84866
3553.642962	.84872
3554.607315	.84886
3555.571669	.84891
3556.536023	.8488
3557.500376	.84849
3558.464730	.84788
3559.429083	.84709
3560.393437	.84661
3561.357790	.84633
3562.322144	.84567
3563.286498	.84481
3564.250851	.84425
3565.215205	.84368
3566.179558	.84266
3567.143912	.84154
3568.108266	.84117
3569.072619	.8417
3570.036973	.84227
3571.001326	.84223
3571.965680	.84174
3572.930033	.84102
3573.894387	.84014
3574.858741	.83953
3575.823094	.83922
3576.787448	.83888
3577.751801	.83872
3578.716155	.83859
3579.680509	.83796
3580.644862	.83689
3581.609216	.83584
3582.573569	.83512
3583.537923	.83462
3584.502276	.83353
3585.466630	.83143
3586.430984	.8292
3587.395337	.82764
3588.359691	.82649
3589.324044	.8256
3590.288398	.82476
3591.252752	.82317
3592.217105	.8204
3593.181459	.81675
3594.145812	.81272
3595.110166	.80843
3596.074520	.8037
3597.038873	.7984
3598.003227	.7925
3598.967580	.78595
3599.931934	.77888
3600.896287	.7726
3601.860641	.76841
3602.824995	.76618
3603.789348	.76538
3604.753702	.76572
3605.718055	.76682
3606.682409	.76824
3607.646763	.76971
3608.611116	.77144
3609.575470	.77436
3610.539823	.77822
3611.504177	.78157
3612.468530	.78442
3613.432884	.78744
3614.397238	.79072
3615.361591	.79429
3616.325945	.79722
3617.290298	.79869
3618.254652	.79935
3619.219006	.80031
3620.183359	.80249
3621.147713	.80547
3622.112066	.80785
3623.076420	.8092
3624.040774	.80987
3625.005127	.81015
3625.969481	.80993
3626.933834	.80861
3627.898188	.80581
3628.862541	.80333
3629.826895	.80407
3630.791249	.80707
3631.755602	.80897
3632.719956	.80856
3633.684309	.8071
3634.648663	.80614
3635.613017	.80546
3636.577370	.80427
3637.541724	.80266
3638.506077	.80092
3639.470431	.79913
3640.434784	.79737
3641.399138	.79584
3642.363492	.79483
3643.327845	.79432
3644.292199	.79405
3645.256552	.79347
3646.220906	.79218
3647.185260	.79097
3648.149613	.79053
3649.113967	.79043
3650.078320	.79118
3651.042674	.79382
3652.007027	.79748
3652.971381	.80014
3653.935735	.80111
3654.900088	.80063
3655.864442	.79959
3656.828795	.80039
3657.793149	.80309
3658.757503	.80513
3659.721856	.80608
3660.686210	.80681
3661.650563	.80741
3662.614917	.8077
3663.579271	.80779
3664.543624	.80808
3665.507978	.80855
3666.472331	.80862
3667.436685	.80768
3668.401038	.80585
3669.365392	.80397
3670.329746	.80309
3671.294099	.80474
3672.258453	.80764
3673.222806	.80804
3674.187160	.80488
3675.151514	.80137
3676.115867	.80224
3677.080221	.80666
3678.044574	.80972
3679.008928	.81049
3679.973281	.81113
3680.937635	.81231
3681.901989	.81311
3682.866342	.81326
3683.830696	.81327
3684.795049	.81333
3685.759403	.81286
3686.723757	.81097
3687.688110	.80793
3688.652464	.8067
3689.616817	.80859
3690.581171	.8105
3691.545524	.81161
3692.509878	.81333
3693.474232	.81504
3694.438585	.81585
3695.402939	.81614
3696.367292	.81638
3697.331646	.81653
3698.296000	.81662
3699.260353	.81669
3700.224707	.8162
3701.189060	.81536
3702.153414	.81565
3703.117768	.81705
3704.082121	.81802
3705.046475	.81821
3706.010828	.81837
3706.975182	.81846
3707.939535	.81733
3708.903889	.81529
3709.868243	.81446
3710.832596	.81392
3711.796950	.81258
3712.761303	.8133
3713.725657	.81622
3714.690011	.8185
3715.654364	.81964
3716.618718	.82011
3717.583071	.82026
3718.547425	.82047
3719.511778	.82085
3720.476132	.82098
3721.440486	.82069
3722.404839	.82085
3723.369193	.82168
3724.333546	.8221
3725.297900	.82194
3726.262254	.82186
3727.226607	.82224
3728.190961	.82305
3729.155314	.82358
3730.119668	.82269
3731.084022	.81982
3732.048375	.81724
3733.012729	.81747
3733.977082	.8183
3734.941436	.81747
3735.905789	.81645
3736.870143	.8168
3737.834497	.81801
3738.798850	.81901
3739.763204	.81939
3740.727557	.81917
3741.691911	.81818
3742.656265	.81539
3743.620618	.81008
3744.584972	.80696
3745.549325	.81083
3746.513679	.81548
3747.478032	.81537
3748.442386	.81146
3749.406740	.80861
3750.371093	.80932
3751.335447	.80989
3752.299800	.80986
3753.264154	.81235
3754.228508	.81542
3755.192861	.81635
3756.157215	.81597
3757.121568	.81585
3758.085922	.81567
3759.050275	.81475
3760.014629	.81437
3760.978983	.8154
3761.943336	.81631
3762.907690	.81612
3763.872043	.81526
3764.836397	.81432
3765.800751	.81398
3766.765104	.81432
3767.729458	.81446
3768.693811	.81341
3769.658165	.81181
3770.622519	.81183
3771.586872	.81348
3772.551226	.81466
3773.515579	.8149
3774.479933	.81484
3775.444286	.81467
3776.408640	.81451
3777.372994	.81398
3778.337347	.81254
3779.301701	.81116
3780.266054	.8111
3781.230408	.81157
3782.194762	.8115
3783.159115	.81112
3784.123469	.81068
3785.087822	.81046
3786.052176	.81064
3787.016529	.81081
3787.980883	.81082
3788.945237	.81092
3789.909590	.8109
3790.873944	.8105
3791.838297	.81004
3792.802651	.80976
3793.767005	.80918
3794.731358	.80787
3795.695712	.8063
3796.660065	.80565
3797.624419	.80615
3798.588772	.80638
3799.553126	.80449
3800.517480	.80035
3801.481833	.79756
3802.446187	.79902
3803.410540	.80175
3804.374894	.8026
3805.339248	.8008
3806.303601	.7974
3807.267955	.79589
3808.232308	.79754
3809.196662	.79927
3810.161016	.7994
3811.125369	.79881
3812.089723	.79838
3813.054076	.79793
3814.018430	.79638
3814.982783	.79312
3815.947137	.7908
3816.911491	.79246
3817.875844	.79531
3818.840198	.7958
3819.804551	.79351
3820.768905	.79023
3821.733259	.78997
3822.697612	.79344
3823.661966	.79669
3824.626319	.7977
3825.590673	.7971
3826.555026	.79643
3827.519380	.79697
3828.483734	.79788
3829.448087	.79776
3830.412441	.79676
3831.376794	.79581
3832.341148	.79577
3833.305502	.79615
3834.269855	.79579
3835.234209	.79512
3836.198562	.79404
3837.162916	.79168
3838.127269	.79067
3839.091623	.79271
3840.055977	.79467
3841.020330	.79539
3841.984684	.79589
3842.949037	.79613
3843.913391	.79632
3844.877745	.79696
3845.842098	.79761
3846.806452	.79795
3847.770805	.7981
3848.735159	.79785
3849.699513	.79696
3850.663866	.79479
3851.628220	.79101
3852.592573	.78645
3853.556927	.78277
3854.521280	.78392
3855.485634	.78949
3856.449988	.7936
3857.414341	.7952
3858.378695	.79598
3859.343048	.79588
3860.307402	.79472
3861.271756	.79341
3862.236109	.7929
3863.200463	.79242
3864.164816	.79088
3865.129170	.78959
3866.093523	.78985
3867.057877	.78995
3868.022231	.78819
3868.986584	.78503
3869.950938	.7831
3870.915291	.78439
3871.879645	.78653
3872.843999	.78673
3873.808352	.78568
3874.772706	.78561
3875.737059	.78659
3876.701413	.7872
3877.665767	.78712
3878.630120	.78638
3879.594474	.78502
3880.558827	.7844
3881.523181	.78521
3882.487534	.78601
3883.451888	.7857
3884.416242	.78412
3885.380595	.78251
3886.344949	.78333
3887.309302	.78595
3888.273656	.78731
3889.238010	.78653
3890.202363	.78444
3891.166717	.78282
3892.131070	.78337
3893.095424	.7851
3894.059777	.78602
3895.024131	.78606
3895.988485	.786
3896.952838	.78574
3897.917192	.78457
3898.881545	.78302
3899.845899	.78238
3900.810253	.78226
3901.774606	.78215
3902.738960	.78215
3903.703313	.78185
3904.667667	.78183
3905.632020	.78277
3906.596374	.78369
3907.560728	.78381
3908.525081	.78346
3909.489435	.78318
3910.453788	.78283
3911.418142	.78232
3912.382496	.78222
3913.346849	.78259
3914.311203	.78265
3915.275556	.78203
3916.239910	.78134
3917.204264	.78125
3918.168617	.78181
3919.132971	.78242
3920.097324	.78279
3921.061678	.78321
3922.026031	.78376
3922.990385	.78405
3923.954739	.78379
3924.919092	.78349
3925.883446	.7839
3926.847799	.78452
3927.812153	.78471
3928.776507	.78482
3929.740860	.78521
3930.705214	.78564
3931.669567	.78578
3932.633921	.78612
3933.598274	.78712
3934.562628	.78851
3935.526982	.78987
3936.491335	.7908
3937.455689	.79105
3938.420042	.79101
3939.384396	.79129
3940.348750	.79177
3941.313103	.79193
3942.277457	.7919
3943.241810	.79205
3944.206164	.79239
3945.170517	.79284
3946.134871	.79311
3947.099225	.79295
3948.063578	.79272
3949.027932	.79296
3949.992285	.79357
3950.956639	.79399
3951.920993	.79415
3952.885346	.79456
3953.849700	.7951
3954.814053	.79519
3955.778407	.79485
3956.742761	.79439
3957.707114	.79424
3958.671468	.79452
3959.635821	.79429
3960.600175	.79323
3961.564528	.79238
3962.528882	.79226
3963.493236	.79244
3964.457589	.7927
3965.421943	.79279
3966.386296	.79241
3967.350650	.79191
3968.315004	.79169
3969.279357	.79144
3970.243711	.79079
3971.208064	.79002
3972.172418	.78934
3973.136771	.78856
3974.101125	.78762
3975.065479	.78682
3976.029832	.78657
3976.994186	.78677
3977.958539	.78693
3978.922893	.78705
3979.887247	.78723
3980.851600	.78747
3981.815954	.78766
3982.780307	.78754
3983.744661	.78734
3984.709015	.78745
3985.673368	.78772
3986.637722	.7879
3987.602075	.78795
3988.566429	.7881
3989.530782	.78853
3990.495136	.7889
3991.459490	.78897
3992.423843	.78908
3993.388197	.78938
3994.352550	.78962
3995.316904	.7896
3996.281258	.78938
3997.245611	.78931
3998.209965	.78949
3999.174318	.78956
4000.138672	.78929
