499.535156	.0010058
500.499510	.0019006
501.463863	.0009729
502.428217	.0012759
503.392571	.0013024
504.356924	.0010126
505.321278	.0018592
506.285631	.0021638
507.249985	.003022
508.214339	.0038839
509.178692	.0028825
510.143046	.0014688
511.107399	.0007506
512.071753	.0010671
513.036106	.0017536
514.000460	.0019706
514.964814	.001323
515.929167	.0007118
516.893521	.0011039
517.857874	.0022553
518.822228	.0040695
519.786582	.0055864
520.750935	.0054104
521.715289	.0049526
522.679642	.0060099
523.643996	.007282
524.608349	.0072842
525.572703	.0065484
526.537057	.006599
527.501410	.0077189
528.465764	.008547
529.430117	.0083587
530.394471	.007754
531.358825	.0072282
532.323178	.0068038
533.287532	.0063778
534.251885	.0058903
535.216239	.0052582
536.180593	.0046444
537.144946	.0043076
538.109300	.0043903
539.073653	.0045553
540.038007	.004357
541.002360	.0037024
541.966714	.0031689
542.931068	.0030504
543.895421	.0026545
544.859775	.001935
545.824128	.0024725
546.788482	.0029954
547.752836	.0022777
548.717189	.0008189
549.681543	-.0003309
550.645896	-.0007501
551.610250	-.0004273
552.574603	.0006258
553.538957	.001566
554.503311	.0015341
555.467664	.0003596
556.432018	.0000155
557.396371	.0009612
558.360725	.0018648
559.325079	.0015982
560.289432	.000165
561.253786	.0007591
562.218139	.0011478
563.182493	.0016808
564.146846	.0015063
565.111200	.0017958
566.075554	.0019422
567.039907	.001821
568.004261	.0023974
568.968614	.0028513
569.932968	.0019163
570.897322	.0006405
571.861675	.0003605
572.826029	.0007993
573.790382	.0010284
574.754736	.0011082
575.719090	.0012074
576.683443	.0016765
577.647797	.0017941
578.612150	.0013238
579.576504	.0015011
580.540857	.0022086
581.505211	.0021711
582.469565	.0015906
583.433918	.0006696
584.398272	.0006981
585.362625	.0013949
586.326979	.0011363
587.291333	.0006295
588.255686	.000928
589.220040	.0014457
590.184393	.0018893
591.148747	.0021821
592.113100	.002021
593.077454	.0013949
594.041808	.0008017
595.006161	.0004667
595.970515	.0008806
596.934868	.0010748
597.899222	.0005171
598.863576	.0009193
599.827929	.0020582
600.792283	.0019793
601.756636	.000846
602.720990	.0000496
603.685343	.0002935
604.649697	.0007332
605.614051	.0011521
606.578404	.0014738
607.542758	.0017047
608.507111	.0013254
609.471465	.0009531
610.435819	.0006497
611.400172	.0005332
612.364526	.0003194
613.328879	.0006709
614.293233	.0016562
615.257587	.002396
616.221940	.0016464
617.186294	-.0000309
618.150647	-6.48E-06
619.115001	.0010113
620.079354	.0009452
621.043708	.0009221
622.008062	.0012604
622.972415	.0014809
623.936769	.0006766
624.901122	-.0001151
625.865476	.0007743
626.829830	.0020635
627.794183	.0015504
628.758537	.0002873
629.722890	.000739
630.687244	.0019043
631.651597	.0007288
632.615951	.0002515
633.580305	.0009639
634.544658	.000792
635.509012	.000951
636.473365	.0020366
637.437719	.0025043
638.402073	.0019078
639.366426	.0008982
640.330780	.0008021
641.295133	.0006372
642.259487	.0003903
643.223841	.0009395
644.188194	.0013
645.152548	.0008536
646.116901	.0004977
647.081255	.0001602
648.045608	.0003441
649.009962	.0010101
649.974316	.0013754
650.938669	.0015188
651.903023	.0014035
652.867376	.0010788
653.831730	.0007548
654.796084	.0002419
655.760437	-.0000151
656.724791	.0005056
657.689144	.0015172
658.653498	.0017697
659.617851	.0010993
660.582205	.0007168
661.546559	.000891
662.510912	.000993
663.475266	.0009199
664.439619	.000732
665.403973	.0006287
666.368327	.0004058
667.332680	.0015685
668.297034	.0039735
669.261387	.0034403
670.225741	.002186
671.190094	.0013418
672.154448	.0007082
673.118802	.0006914
674.083155	.0008386
675.047509	.0003273
676.011862	-.0002137
676.976216	.0004904
677.940570	.0009232
678.904923	.000907
679.869277	.0009352
680.833630	.0011084
681.797984	.0009284
682.762338	.0008224
683.726691	.0009549
684.691045	.0008712
685.655398	.000413
686.619752	.0001607
687.584105	.0005032
688.548459	.0006019
689.512813	.0006827
690.477166	.0007164
691.441520	.0004166
692.405873	.000309
693.370227	.0002987
694.334581	.0004234
695.298934	.0006189
696.263288	.0007061
697.227641	.0007222
698.191995	.0009026
699.156348	.0012838
700.120702	.0014242
701.085056	.0010538
702.049409	.0007391
703.013763	.0008743
703.978116	.0010357
704.942470	.0010402
705.906824	.0011107
706.871177	.001125
707.835531	.0008841
708.799884	.0006775
709.764238	.0003863
710.728591	.0004687
711.692945	.0008427
712.657299	.0007873
713.621652	.000802
714.586006	.0007113
715.550359	.000401
716.514713	.0004295
717.479067	.0004256
718.443420	.0002765
719.407774	.0005003
720.372127	.0003855
721.336481	.0001544
722.300835	.0002156
723.265188	.0006865
724.229542	.0006859
725.193895	.0000252
726.158249	-.0000664
727.122602	.0003162
728.086956	.0002876
729.051310	.0006358
730.015663	.0006877
730.980017	.0004588
731.944370	.0003855
732.908724	.0004802
733.873078	.0006608
734.837431	.0007659
735.801785	.0005061
736.766138	.0003729
737.730492	.0007427
738.694845	.0010212
739.659199	.0006186
740.623553	.0001027
741.587906	.0000516
742.552260	.0003957
743.516613	.0005953
744.480967	.0005547
745.445321	.0003904
746.409674	.0002577
747.374028	.0004433
748.338381	.0009449
749.302735	.0011557
750.267088	.0008162
751.231442	.0003486
752.195796	.0004344
753.160149	.000685
754.124503	.0009263
755.088856	.0008871
756.053210	.0007802
757.017564	.0009071
757.981917	.0009979
758.946271	.0005314
759.910624	-.0001487
760.874978	-.0002546
761.839332	.0002123
762.803685	.0004316
763.768039	.0001588
764.732392	-.0000732
765.696746	.0004026
766.661099	.0008042
767.625453	.0007625
768.589807	.0006832
769.554160	.0006336
770.518514	.000488
771.482867	.0007805
772.447221	.0009811
773.411575	.0008401
774.375928	.0007398
775.340282	.0007918
776.304635	.0008847
777.268989	.000752
778.233342	.0001764
779.197696	.0002102
780.162050	.0004962
781.126403	.0008603
782.090757	.0007198
783.055110	.0003762
784.019464	.0002573
784.983818	.0004454
785.948171	.0007604
786.912525	.0011798
787.876878	.0012204
788.841232	.0008596
789.805586	.000642
790.769939	.0007915
791.734293	.0009893
792.698646	.0008887
793.663000	.000653
794.627353	.0005374
795.591707	.0003817
796.556061	.0002391
797.520414	.0001381
798.484768	.0004373
799.449121	.0006568
800.413475	.0007582
801.377829	.0007148
802.342182	.0005578
803.306536	.0004042
804.270889	.0003713
805.235243	.0004003
806.199596	.0003999
807.163950	.0003639
808.128304	.0005039
809.092657	.0007365
810.057011	.0008513
811.021364	.0002149
811.985718	.0003966
812.950072	.000781
813.914425	.0007864
814.878779	.0005165
815.843132	.0002832
816.807486	.0000318
817.771839	.0007001
818.736193	.0006594
819.700547	.0003507
820.664900	.0003852
821.629254	.0004744
822.593607	.0004167
823.557961	.0007038
824.522315	.0010807
825.486668	.00117
826.451022	.0007233
827.415375	.0004944
828.379729	.0008837
829.344083	.0005735
830.308436	.0001268
831.272790	.0006026
832.237143	.0000336
833.201497	.0003033
834.165850	.0006039
835.130204	.000818
836.094558	.0010629
837.058911	.0008722
838.023265	-.0001275
838.987618	-.0002542
839.951972	.0004107
840.916326	.0008946
841.880679	.0009365
842.845033	.0008093
843.809386	.0005305
844.773740	.0005602
845.738093	.0010723
846.702447	.0010713
847.666801	.0000808
848.631154	.0001871
849.595508	.0004987
850.559861	.0004155
851.524215	.0007023
852.488569	.0008456
853.452922	.0006513
854.417276	.0003806
855.381629	.0004904
856.345983	.0007538
857.310336	.0006728
858.274690	.0003999
859.239044	.0003894
860.203397	.0008201
861.167751	.000946
862.132104	.0005214
863.096458	.0004034
864.060812	.0007273
865.025165	.0007895
865.989519	.0008577
866.953872	.0008601
867.918226	.0007349
868.882580	.0005977
869.846933	.0005824
870.811287	.0004706
871.775640	.0001903
872.739994	.0002141
873.704347	.000501
874.668701	.000388
875.633055	.0002785
876.597408	.0002851
877.561762	.0003306
878.526115	.0004296
879.490469	.0005577
880.454823	.0005356
881.419176	.0003169
882.383530	.0003315
883.347883	.0006861
884.312237	.0006286
885.276590	.0004186
886.240944	.0002522
887.205298	.0003836
888.169651	.000652
889.134005	.0008203
890.098358	.000688
891.062712	.0004972
892.027066	.0005014
892.991419	.0006345
893.955773	.0006687
894.920126	.0005207
895.884480	.0003111
896.848834	.0002371
897.813187	.0001772
898.777541	.0002809
899.741894	.000461
900.706248	.0005345
901.670601	.0004131
902.634955	.0004372
903.599309	.0006994
904.563662	.0006188
905.528016	.0003759
906.492369	.0003618
907.456723	.0002841
908.421077	.0000842
909.385430	.0003781
910.349784	.0004348
911.314137	.0002917
912.278491	.0003968
913.242844	.0003405
914.207198	.0000972
915.171552	.000038
916.135905	.0002567
917.100259	.0003689
918.064612	.0003427
919.028966	.0003715
919.993320	.0006693
920.957673	.0006973
921.922027	.0002417
922.886380	-.0000346
923.850734	.0003632
924.815087	.0005756
925.779441	.0006176
926.743795	.0005344
927.708148	.0003184
928.672502	.0002322
929.636855	.0002969
930.601209	.0002509
931.565563	.0001368
932.529916	.0001623
933.494270	.0004477
934.458623	.0007346
935.422977	.0007717
936.387331	.0004974
937.351684	.0002353
938.316038	.000189
939.280391	.0004727
940.244745	.000608
941.209098	.0004157
942.173452	.0002001
943.137806	.0002621
944.102159	.0002944
945.066513	.0004716
946.030866	.000601
946.995220	.0002015
947.959574	.0000415
948.923927	.0003599
949.888281	.0002539
950.852634	.0002534
951.816988	.0003386
952.781341	.0004092
953.745695	.000388
954.710049	.0002183
955.674402	.0001673
956.638756	.0002177
957.603109	.0003321
958.567463	.0005525
959.531817	.0005207
960.496170	.0001438
961.460524	.0001647
962.424877	.0005909
963.389231	.0006256
964.353584	.0005715
965.317938	.0006212
966.282292	.0006484
967.246645	.000533
968.210999	.0004534
969.175352	.0005572
970.139706	.0006051
971.104060	.0005129
972.068413	.0003629
973.032767	.0002158
973.997120	.0006009
974.961474	.0007133
975.925828	.0006841
976.890181	.0005109
977.854535	.0004506
978.818888	.0005957
979.783242	.0007188
980.747595	.0006888
981.711949	.0007762
982.676303	.0010957
983.640656	.001316
984.605010	.001267
985.569363	.0011292
986.533717	.0008999
987.498071	.0006416
988.462424	.0005515
989.426778	.0006549
990.391131	.0007973
991.355485	.0008828
992.319838	.0008731
993.284192	.0008371
994.248546	.0009684
995.212899	.0013376
996.177253	.0015785
997.141606	.0013818
998.105960	.0009809
999.070314	.0007885
1000.034667	.0009104
1000.999021	.0011837
1001.963374	.001262
1002.927728	.0010532
1003.892082	.0008812
1004.856435	.0010262
1005.820789	.0013924
1006.785142	.0017331
1007.749496	.0017668
1008.713849	.0015049
1009.678203	.0014116
1010.642557	.0016237
1011.606910	.0017364
1012.571264	.001724
1013.535617	.0016662
1014.499971	.0015002
1015.464325	.0014217
1016.428678	.0015945
1017.393032	.0018028
1018.357385	.0018261
1019.321739	.0017429
1020.286092	.0018303
1021.250446	.002175
1022.214800	.0024618
1023.179153	.0025131
1024.143507	.0026873
1025.107860	.0030315
1026.072214	.0032489
1027.036568	.0033283
1028.000921	.0034338
1028.965275	.0035519
1029.929628	.0035874
1030.893982	.0035704
1031.858335	.0034283
1032.822689	.0031028
1033.787043	.002924
1034.751396	.0030861
1035.715750	.0033726
1036.680103	.0035375
1037.644457	.0036192
1038.608811	.0036437
1039.573164	.0035011
1040.537518	.003509
1041.501871	.0039277
1042.466225	.0044207
1043.430579	.0047075
1044.394932	.0047861
1045.359286	.0048275
1046.323639	.0050125
1047.287993	.005201
1048.252346	.0051597
1049.216700	.0051159
1050.181054	.0053687
1051.145407	.0057387
1052.109761	.0058916
1053.074114	.0057671
1054.038468	.0056091
1055.002822	.0055752
1055.967175	.0056154
1056.931529	.0056186
1057.895882	.0054356
1058.860236	.0051785
1059.824589	.0051095
1060.788943	.0052166
1061.753297	.0053235
1062.717650	.0053508
1063.682004	.0053168
1064.646357	.0053541
1065.610711	.0055873
1066.575065	.0058678
1067.539418	.0060454
1068.503772	.0062418
1069.468125	.0064921
1070.432479	.0067949
1071.396832	.0073228
1072.361186	.0079692
1073.325540	.0083823
1074.289893	.0086443
1075.254247	.008981
1076.218600	.0093904
1077.182954	.0098457
1078.147308	.010339
1079.111661	.010775
1080.076015	.01108
1081.040368	.011267
1082.004722	.011327
1082.969076	.011359
1083.933429	.011537
1084.897783	.011789
1085.862136	.011953
1086.826490	.012056
1087.790843	.012229
1088.755197	.012415
1089.719551	.012572
1090.683904	.012809
1091.648258	.013235
1092.612611	.013886
1093.576965	.014508
1094.541319	.01492
1095.505672	.015356
1096.470026	.015824
1097.434379	.015949
1098.398733	.015752
1099.363086	.015661
1100.327440	.015912
1101.291794	.016429
1102.256147	.01687
1103.220501	.016935
1104.184854	.016633
1105.149208	.016275
1106.113562	.016125
1107.077915	.016083
1108.042269	.016107
1109.006622	.016227
1109.970976	.016237
1110.935330	.016095
1111.899683	.016015
1112.864037	.016137
1113.828390	.016395
1114.792744	.01658
1115.757097	.016479
1116.721451	.016058
1117.685805	.015594
1118.650158	.015374
1119.614512	.015411
1120.578865	.015508
1121.543219	.01542
1122.507573	.015277
1123.471926	.01529
1124.436280	.01525
1125.400633	.01512
1126.364987	.015161
1127.329340	.015443
1128.293694	.015748
1129.258048	.015908
1130.222401	.016069
1131.186755	.016245
1132.151108	.016318
1133.115462	.016424
1134.079816	.01676
1135.044169	.017364
1136.008523	.018079
1136.972876	.01862
1137.937230	.018892
1138.901583	.019199
1139.865937	.019801
1140.830291	.02047
1141.794644	.020997
1142.758998	.021557
1143.723351	.022202
1144.687705	.022786
1145.652059	.023391
1146.616412	.024135
1147.580766	.024878
1148.545119	.025365
1149.509473	.025517
1150.473827	.02553
1151.438180	.025608
1152.402534	.025793
1153.366887	.026
1154.331241	.025965
1155.295594	.025604
1156.259948	.025221
1157.224302	.024996
1158.188655	.024769
1159.153009	.024344
1160.117362	.02383
1161.081716	.023503
1162.046070	.023416
1163.010423	.023474
1163.974777	.023611
1164.939130	.023801
1165.903484	.02404
1166.867837	.024396
1167.832191	.024909
1168.796545	.025561
1169.760898	.026347
1170.725252	.027103
1171.689605	.027799
1172.653959	.028704
1173.618313	.029745
1174.582666	.030585
1175.547020	.031251
1176.511373	.031852
1177.475727	.032261
1178.440080	.032569
1179.404434	.032984
1180.368788	.033346
1181.333141	.033378
1182.297495	.033199
1183.261848	.03298
1184.226202	.032645
1185.190556	.032346
1186.154909	.032225
1187.119263	.032116
1188.083616	.03194
1189.047970	.031861
1190.012324	.03201
1190.976677	.032245
1191.941031	.03252
1192.905384	.033011
1193.869738	.033698
1194.834091	.034416
1195.798445	.035209
1196.762799	.036155
1197.727152	.03712
1198.691506	.038027
1199.655859	.038969
1200.620213	.040085
1201.584567	.04126
1202.548920	.042175
1203.513274	.042799
1204.477627	.04342
1205.441981	.044294
1206.406334	.045283
1207.370688	.046138
1208.335042	.047014
1209.299395	.048199
1210.263749	.049656
1211.228102	.051167
1212.192456	.052608
1213.156810	.053998
1214.121163	.055527
1215.085517	.057225
1216.049870	.058887
1217.014224	.060444
1217.978578	.061951
1218.942931	.063419
1219.907285	.064817
1220.871638	.066095
1221.835992	.067179
1222.800345	.068168
1223.764699	.0693
1224.729053	.070637
1225.693406	.071985
1226.657760	.073165
1227.622113	.074282
1228.586467	.075495
1229.550821	.076759
1230.515174	.077837
1231.479528	.078652
1232.443881	.079462
1233.408235	.08039
1234.372588	.0813
1235.336942	.082152
1236.301296	.083015
1237.265649	.083718
1238.230003	.084097
1239.194356	.084335
1240.158710	.084447
1241.123064	.084124
1242.087417	.083433
1243.051771	.082983
1244.016124	.082967
1244.980478	.08299
1245.944831	.082932
1246.909185	.082968
1247.873539	.083187
1248.837892	.083617
1249.802246	.084191
1250.766599	.08474
1251.730953	.085252
1252.695307	.085864
1253.659660	.086656
1254.624014	.087454
1255.588367	.088094
1256.552721	.08873
1257.517075	.089387
1258.481428	.089903
1259.445782	.090322
1260.410135	.090757
1261.374489	.091011
1262.338842	.090838
1263.303196	.090386
1264.267550	.089892
1265.231903	.089391
1266.196257	.088641
1267.160610	.087449
1268.124964	.086076
1269.089318	.084819
1270.053671	.083621
1271.018025	.082383
1271.982378	.08124
1272.946732	.080264
1273.911085	.079445
1274.875439	.078789
1275.839793	.078223
1276.804146	.077793
1277.768500	.077572
1278.732853	.077445
1279.697207	.077361
1280.661561	.077475
1281.625914	.077834
1282.590268	.07832
1283.554621	.078862
1284.518975	.079445
1285.483328	.08011
1286.447682	.080923
1287.412036	.08182
1288.376389	.082643
1289.340743	.083403
1290.305096	.084166
1291.269450	.084943
1292.233804	.085829
1293.198157	.086866
1294.162511	.087882
1295.126864	.088773
1296.091218	.089875
1297.055572	.09143
1298.019925	.093357
1298.984279	.095485
1299.948632	.097547
1300.912986	.09968
1301.877339	.10233
1302.841693	.10545
1303.806047	.10851
1304.770400	.11141
1305.734754	.11446
1306.699107	.11777
1307.663461	.12112
1308.627815	.12428
1309.592168	.12721
1310.556522	.12996
1311.520875	.13261
1312.485229	.13529
1313.449582	.13805
1314.413936	.14077
1315.378290	.1432
1316.342643	.14528
1317.306997	.14722
1318.271350	.14925
1319.235704	.15113
1320.200058	.15257
1321.164411	.15382
1322.128765	.15498
1323.093118	.15603
1324.057472	.15706
1325.021825	.15832
1325.986179	.16002
1326.950533	.16198
1327.914886	.16394
1328.879240	.16609
1329.843593	.1688
1330.807947	.17203
1331.772301	.17558
1332.736654	.17931
1333.701008	.18328
1334.665361	.18755
1335.629715	.19197
1336.594069	.19648
1337.558422	.20099
1338.522776	.20551
1339.487129	.21009
1340.451483	.21474
1341.415836	.21935
1342.380190	.22378
1343.344544	.22815
1344.308897	.2324
1345.273251	.23644
1346.237604	.24022
1347.201958	.24382
1348.166312	.2474
1349.130665	.25098
1350.095019	.25449
1351.059372	.25791
1352.023726	.26131
1352.988079	.26465
1353.952433	.26786
1354.916787	.27098
1355.881140	.27403
1356.845494	.27696
1357.809847	.27968
1358.774201	.28224
1359.738555	.28469
1360.702908	.287
1361.667262	.28924
1362.631615	.29135
1363.595969	.29353
1364.560323	.29621
1365.524676	.29915
1366.489030	.30196
1367.453383	.30465
1368.417737	.30719
1369.382090	.30963
1370.346444	.31202
1371.310798	.31428
1372.275151	.31654
1373.239505	.31878
1374.203858	.32089
1375.168212	.32309
1376.132566	.32565
1377.096919	.32836
1378.061273	.331
1379.025626	.3337
1379.989980	.33644
1380.954333	.3391
1381.918687	.34164
1382.883041	.34406
1383.847394	.34633
1384.811748	.3485
1385.776101	.35076
1386.740455	.35264
1387.704809	.35387
1388.669162	.35577
1389.633516	.35862
1390.597869	.3613
1391.562223	.3635
1392.526576	.36566
1393.490930	.36753
1394.455284	.36843
1395.419637	.36905
1396.383991	.37042
1397.348344	.37229
1398.312698	.37387
1399.277052	.37503
1400.241405	.37667
1401.205759	.37891
1402.170112	.38117
1403.134466	.38342
1404.098820	.38524
1405.063173	.38647
1406.027527	.38798
1406.991880	.38977
1407.956234	.39124
1408.920587	.39233
1409.884941	.39316
1410.849295	.39381
1411.813648	.3946
1412.778002	.39556
1413.742355	.39661
1414.706709	.39759
1415.671063	.39825
1416.635416	.3986
1417.599770	.3992
1418.564123	.39854
1419.528477	.39499
1420.492830	.39285
1421.457184	.39312
1422.421538	.39276
1423.385891	.39105
1424.350245	.38896
1425.314598	.3878
1426.278952	.38756
1427.243306	.38753
1428.207659	.38762
1429.172013	.38731
1430.136366	.38647
1431.100720	.38619
1432.065073	.3867
1433.029427	.38713
1433.993781	.38777
1434.958134	.38928
1435.922488	.38992
1436.886841	.38841
1437.851195	.38904
1438.815549	.39245
1439.779902	.39572
1440.744256	.39841
1441.708609	.40116
1442.672963	.4041
1443.637317	.40718
1444.601670	.4102
1445.566024	.41341
1446.530377	.41679
1447.494731	.41971
1448.459084	.4224
1449.423438	.42604
1450.387792	.43044
1451.352145	.43454
1452.316499	.43844
1453.280852	.44295
1454.245206	.44839
1455.209560	.45385
1456.173913	.45709
1457.138267	.45757
1458.102620	.45943
1459.066974	.46316
1460.031327	.46709
1460.995681	.47097
1461.960035	.47464
1462.924388	.47867
1463.888742	.4824
1464.853095	.48441
1465.817449	.48698
1466.781803	.49127
1467.746156	.49546
1468.710510	.49909
1469.674863	.50314
1470.639217	.50731
1471.603571	.50959
1472.567924	.50915
1473.532278	.50925
1474.496631	.51238
1475.460985	.51583
1476.425338	.51744
1477.389692	.51947
1478.354046	.52293
1479.318399	.52625
1480.282753	.5287
1481.247106	.53036
1482.211460	.53176
1483.175814	.53322
1484.140167	.5344
1485.104521	.53565
1486.068874	.53678
1487.033228	.53678
1487.997581	.53696
1488.961935	.5383
1489.926289	.53884
1490.890642	.53892
1491.854996	.54097
1492.819349	.54409
1493.783703	.54729
1494.748057	.55044
1495.712410	.55114
1496.676764	.54987
1497.641117	.55066
1498.605471	.55122
1499.569824	.55088
1500.534178	.55228
1501.498532	.55427
1502.462885	.55612
1503.427239	.55936
1504.391592	.5638
1505.355946	.56655
1506.320300	.56421
1507.284653	.56082
1508.249007	.56178
1509.213360	.5643
1510.177714	.56662
1511.142068	.56844
1512.106421	.56858
1513.070775	.56864
1514.035128	.57062
1514.999482	.57311
1515.963835	.57496
1516.928189	.57512
1517.892543	.57582
1518.856896	.58024
1519.821250	.58483
1520.785603	.58478
1521.749957	.58155
1522.714311	.58153
1523.678664	.58463
1524.643018	.58653
1525.607371	.58545
1526.571725	.58474
1527.536078	.58545
1528.500432	.58606
1529.464786	.5877
1530.429139	.59044
1531.393493	.5933
1532.357846	.59554
1533.322200	.59498
1534.286554	.5932
1535.250907	.59414
1536.215261	.59683
1537.179614	.60041
1538.143968	.60315
1539.108321	.60021
1540.072675	.59522
1541.037029	.59554
1542.001382	.59614
1542.965736	.59724
1543.930089	.60038
1544.894443	.60171
1545.858797	.60197
1546.823150	.60442
1547.787504	.60745
1548.751857	.6087
1549.716211	.60727
1550.680565	.60525
1551.644918	.60578
1552.609272	.60805
1553.573625	.60836
1554.537979	.6058
1555.502332	.60698
1556.466686	.61262
1557.431040	.61646
1558.395393	.61478
1559.359747	.60957
1560.324100	.60598
1561.288454	.60827
1562.252808	.61282
1563.217161	.61555
1564.181515	.61556
1565.145868	.6142
1566.110222	.61415
1567.074575	.61635
1568.038929	.61931
1569.003283	.61986
1569.967636	.61796
1570.931990	.61909
1571.896343	.62278
1572.860697	.62588
1573.825051	.62921
1574.789404	.63277
1575.753758	.63106
1576.718111	.62494
1577.682465	.62467
1578.646819	.62732
1579.611172	.62864
1580.575526	.62932
1581.539879	.63032
1582.504233	.63178
1583.468586	.63369
1584.432940	.6358
1585.397294	.63766
1586.361647	.63901
1587.326001	.64
1588.290354	.64074
1589.254708	.64099
1590.219062	.64069
1591.183415	.64028
1592.147769	.64022
1593.112122	.6406
1594.076476	.64093
1595.040829	.64132
1596.005183	.64251
1596.969537	.64439
1597.933890	.64628
1598.898244	.64803
1599.862597	.64963
1600.826951	.65066
1601.791305	.65099
1602.755658	.65077
1603.720012	.65024
1604.684365	.64994
1605.648719	.65002
1606.613072	.65023
1607.577426	.65066
1608.541780	.65141
1609.506133	.65232
1610.470487	.65376
1611.434840	.65572
1612.399194	.65762
1613.363548	.65934
1614.327901	.6619
1615.292255	.66486
1616.256608	.66251
1617.220962	.65573
1618.185316	.65516
1619.149669	.65768
1620.114023	.65901
1621.078376	.66066
1622.042730	.663
1623.007083	.66313
1623.971437	.66161
1624.935791	.66329
1625.900144	.66726
1626.864498	.66969
1627.828851	.66909
1628.793205	.66815
1629.757559	.66864
1630.721912	.66889
1631.686266	.66869
1632.650619	.66975
1633.614973	.67299
1634.579326	.67417
1635.543680	.66898
1636.508034	.66648
1637.472387	.66941
1638.436741	.67272
1639.401094	.67554
1640.365448	.67754
1641.329802	.67858
1642.294155	.67897
1643.258509	.67967
1644.222862	.68184
1645.187216	.68281
1646.151569	.67948
1647.115923	.6759
1648.080277	.67523
1649.044630	.67703
1650.008984	.68208
1650.973337	.68979
1651.937691	.69529
1652.902045	.68859
1653.866398	.67899
1654.830752	.68083
1655.795105	.68548
1656.759459	.68828
1657.723813	.68887
1658.688166	.68874
1659.652520	.68892
1660.616873	.69017
1661.581227	.6916
1662.545580	.69043
1663.509934	.68907
1664.474288	.69116
1665.438641	.69442
1666.402995	.69741
1667.367348	.70084
1668.331702	.70207
1669.296056	.69876
1670.260409	.69633
1671.224763	.69606
1672.189116	.69575
1673.153470	.69786
1674.117823	.70038
1675.082177	.69699
1676.046531	.69288
1677.010884	.69548
1677.975238	.69977
1678.939591	.70222
1679.903945	.70275
1680.868299	.70366
1681.832652	.70722
1682.797006	.71123
1683.761359	.70898
1684.725713	.69841
1685.690067	.69467
1686.654420	.69857
1687.618774	.7015
1688.583127	.70184
1689.547481	.70186
1690.511834	.70244
1691.476188	.70394
1692.440542	.70611
1693.404895	.70988
1694.369249	.71473
1695.333602	.71315
1696.297956	.70442
1697.262310	.70436
1698.226663	.71165
1699.191017	.71645
1700.155370	.70721
1701.119724	.69594
1702.084077	.69976
1703.048431	.70598
1704.012785	.70839
1704.977138	.70872
1705.941492	.70867
1706.905845	.70861
1707.870199	.71011
1708.834553	.71226
1709.798906	.71262
1710.763260	.71191
1711.727613	.71183
1712.691967	.71245
1713.656320	.71241
1714.620674	.71054
1715.585028	.7104
1716.549381	.71257
1717.513735	.71034
1718.478088	.70545
1719.442442	.70668
1720.406796	.71093
1721.371149	.71388
1722.335503	.71507
1723.299856	.71506
1724.264210	.71466
1725.228564	.71431
1726.192917	.71384
1727.157271	.71345
1728.121624	.71361
1729.085978	.71333
1730.050331	.71197
1731.014685	.71284
1731.979039	.71731
1732.943392	.72054
1733.907746	.71592
1734.872099	.70974
1735.836453	.71186
1736.800807	.71632
1737.765160	.71942
1738.729514	.7204
1739.693867	.71682
1740.658221	.71326
1741.622574	.71437
1742.586928	.71527
1743.551282	.71379
1744.515635	.71353
1745.479989	.71527
1746.444342	.7172
1747.408696	.71826
1748.373050	.71837
1749.337403	.71961
1750.301757	.7209
1751.266110	.7181
1752.230464	.7156
1753.194817	.71694
1754.159171	.71844
1755.123525	.71934
1756.087878	.71873
1757.052232	.71588
1758.016585	.71473
1758.980939	.71659
1759.945293	.71969
1760.909646	.7211
1761.874000	.71903
1762.838353	.71808
1763.802707	.72007
1764.767061	.72175
1765.731414	.72298
1766.695768	.72405
1767.660121	.72204
1768.624475	.71851
1769.588828	.71919
1770.553182	.72224
1771.517536	.72236
1772.481889	.71803
1773.446243	.71581
1774.410596	.71847
1775.374950	.72099
1776.339304	.72207
1777.303657	.72351
1778.268011	.72489
1779.232364	.72559
1780.196718	.72487
1781.161071	.72311
1782.125425	.72256
1783.089779	.72324
1784.054132	.72286
1785.018486	.72091
1785.982839	.72029
1786.947193	.72162
1787.911547	.72303
1788.875900	.72462
1789.840254	.72673
1790.804607	.72867
1791.768961	.72854
1792.733315	.72522
1793.697668	.72371
1794.662022	.72539
1795.626375	.72589
1796.590729	.72476
1797.555082	.72457
1798.519436	.72478
1799.483790	.72378
1800.448143	.72281
1801.412497	.72292
1802.376850	.72334
1803.341204	.72448
1804.305558	.72616
1805.269911	.72734
1806.234265	.72794
1807.198618	.72787
1808.162972	.72746
1809.127325	.7273
1810.091679	.72642
1811.056033	.72468
1812.020386	.72358
1812.984740	.72341
1813.949093	.72366
1814.913447	.72427
1815.877801	.72505
1816.842154	.72572
1817.806508	.72624
1818.770861	.72696
1819.735215	.72766
1820.699568	.72799
1821.663922	.72811
1822.628276	.72837
1823.592629	.72891
1824.556983	.72774
1825.521336	.72443
1826.485690	.72322
1827.450044	.72495
1828.414397	.72678
1829.378751	.72606
1830.343104	.72383
1831.307458	.72438
1832.271812	.72682
1833.236165	.72834
1834.200519	.72901
1835.164872	.72938
1836.129226	.72917
1837.093579	.72838
1838.057933	.72769
1839.022287	.72729
1839.986640	.72685
1840.950994	.72656
1841.915347	.72758
1842.879701	.72937
1843.844055	.72754
1844.808408	.72373
1845.772762	.72492
1846.737115	.72805
1847.701469	.72903
1848.665822	.72906
1849.630176	.72962
1850.594530	.73004
1851.558883	.72977
1852.523237	.72923
1853.487590	.72862
1854.451944	.72799
1855.416298	.72769
1856.380651	.72781
1857.345005	.72812
1858.309358	.72843
1859.273712	.72898
1860.238065	.72978
1861.202419	.73057
1862.166773	.73124
1863.131126	.73178
1864.095480	.7321
1865.059833	.73218
1866.024187	.73204
1866.988541	.73171
1867.952894	.73077
1868.917248	.7284
1869.881601	.72641
1870.845955	.72694
1871.810309	.7284
1872.774662	.72949
1873.739016	.73058
1874.703369	.73156
1875.667723	.73209
1876.632076	.73235
1877.596430	.73256
1878.560784	.73265
1879.525137	.73251
1880.489491	.73205
1881.453844	.73141
1882.418198	.73088
1883.382552	.73053
1884.346905	.7301
1885.311259	.7299
1886.275612	.7304
1887.239966	.7317
1888.204319	.73305
1889.168673	.73291
1890.133027	.73208
1891.097380	.73261
1892.061734	.73362
1893.026087	.73391
1893.990441	.7335
1894.954795	.73233
1895.919148	.73109
1896.883502	.73063
1897.847855	.73067
1898.812209	.73071
1899.776562	.73073
1900.740916	.73099
1901.705270	.73168
1902.669623	.7325
1903.633977	.73299
1904.598330	.73324
1905.562684	.73356
1906.527038	.7338
1907.491391	.73365
1908.455745	.73314
1909.420098	.73241
1910.384452	.73165
1911.348806	.73123
1912.313159	.73104
1913.277513	.73087
1914.241866	.73106
1915.206220	.73199
1916.170573	.73375
1917.134927	.73451
1918.099281	.73298
1919.063634	.73215
1920.027988	.73345
1920.992341	.73477
1921.956695	.73468
1922.921049	.73331
1923.885402	.73217
1924.849756	.73204
1925.814109	.73211
1926.778463	.73207
1927.742816	.73206
1928.707170	.73222
1929.671524	.73268
1930.635877	.73336
1931.600231	.73414
1932.564584	.7348
1933.528938	.73513
1934.493292	.73515
1935.457645	.73505
1936.421999	.73488
1937.386352	.73457
1938.350706	.73401
1939.315060	.73349
1940.279413	.73373
1941.243767	.73421
1942.208120	.73346
1943.172474	.73248
1944.136827	.73303
1945.101181	.73406
1946.065535	.73462
1947.029888	.73509
1947.994242	.73545
1948.958595	.73558
1949.922949	.73559
1950.887303	.73552
1951.851656	.73519
1952.816010	.73453
1953.780363	.73379
1954.744717	.7333
1955.709070	.73314
1956.673424	.73318
1957.637778	.73334
1958.602131	.73372
1959.566485	.73433
1960.530838	.73497
1961.495192	.73546
1962.459546	.73585
1963.423899	.73612
1964.388253	.73623
1965.352606	.73622
1966.316960	.73571
1967.281313	.73448
1968.245667	.73361
1969.210021	.73368
1970.174374	.73386
1971.138728	.73384
1972.103081	.734
1973.067435	.73437
1974.031789	.73489
1974.996142	.73546
1975.960496	.73595
1976.924849	.7363
1977.889203	.73636
1978.853557	.73612
1979.817910	.73577
1980.782264	.73533
1981.746617	.73477
1982.710971	.73432
1983.675324	.73413
1984.639678	.73412
1985.604032	.73421
1986.568385	.7344
1987.532739	.73456
1988.497092	.73469
1989.461446	.73523
1990.425800	.73605
1991.390153	.73598
1992.354507	.73511
1993.318860	.73472
1994.283214	.73481
1995.247567	.73473
1996.211921	.73448
1997.176275	.73415
1998.140628	.73369
1999.104982	.73324
2000.069335	.73318
2001.033689	.73354
2001.998043	.73395
2002.962396	.73441
2003.926750	.73508
2004.891103	.7356
2005.855457	.73564
2006.819810	.7354
2007.784164	.73521
2008.748518	.73508
2009.712871	.73484
2010.677225	.73439
2011.641578	.7339
2012.605932	.73358
2013.570286	.73343
2014.534639	.73363
2015.498993	.73409
2016.463346	.73433
2017.427700	.73435
2018.392054	.73452
2019.356407	.73482
2020.320761	.73509
2021.285114	.7353
2022.249468	.73535
2023.213821	.73519
2024.178175	.73491
2025.142529	.73455
2026.106882	.73412
2027.071236	.73379
2028.035589	.73368
2028.999943	.73359
2029.964297	.73356
2030.928650	.73391
2031.893004	.73452
2032.857357	.73507
2033.821711	.73541
2034.786064	.73555
2035.750418	.73544
2036.714772	.73526
2037.679125	.73517
2038.643479	.73507
2039.607832	.73475
2040.572186	.7342
2041.536540	.73367
2042.500893	.73349
2043.465247	.73362
2044.429600	.73389
2045.393954	.73422
2046.358308	.7345
2047.322661	.73481
2048.287015	.73526
2049.251368	.73546
2050.215722	.73523
2051.180075	.73505
2052.144429	.73512
2053.108783	.73503
2054.073136	.73454
2055.037490	.73393
2056.001843	.73362
2056.966197	.73371
2057.930551	.73391
2058.894904	.73399
2059.859258	.73407
2060.823611	.73434
2061.787965	.73477
2062.752318	.73529
2063.716672	.73565
2064.681026	.73557
2065.645379	.73528
2066.609733	.73509
2067.574086	.73492
2068.538440	.73463
2069.502794	.73437
2070.467147	.73427
2071.431501	.7342
2072.395854	.73411
2073.360208	.73408
2074.324561	.73416
2075.288915	.73443
2076.253269	.73478
2077.217622	.73499
2078.181976	.73511
2079.146329	.73524
2080.110683	.73529
2081.075037	.7351
2082.039390	.73487
2083.003744	.73475
2083.968097	.73464
2084.932451	.73446
2085.896805	.73422
2086.861158	.73407
2087.825512	.73413
2088.789865	.73432
2089.754219	.73451
2090.718572	.73475
2091.682926	.73512
2092.647280	.7355
2093.611633	.73566
2094.575987	.73557
2095.540340	.73538
2096.504694	.73527
2097.469048	.73528
2098.433401	.73524
2099.397755	.73512
2100.362108	.73496
2101.326462	.73471
2102.290815	.73448
2103.255169	.73452
2104.219523	.73469
2105.183876	.73481
2106.148230	.73498
2107.112583	.73524
2108.076937	.73542
2109.041291	.73548
2110.005644	.73544
2110.969998	.73535
2111.934351	.73528
2112.898705	.73526
2113.863058	.73516
2114.827412	.73487
2115.791766	.73462
2116.756119	.73464
2117.720473	.73491
2118.684826	.73519
2119.649180	.73534
2120.613534	.73541
2121.577887	.73557
2122.542241	.73585
2123.506594	.73609
2124.470948	.73609
2125.435302	.73582
2126.399655	.73547
2127.364009	.73529
2128.328362	.73535
2129.292716	.73539
2130.257069	.73524
2131.221423	.73507
2132.185777	.73511
2133.150130	.73531
2134.114484	.73551
2135.078837	.73564
2136.043191	.73574
2137.007545	.73586
2137.971898	.73594
2138.936252	.73588
2139.900605	.73579
2140.864959	.73583
2141.829312	.73588
2142.793666	.73568
2143.758020	.73532
2144.722373	.73515
2145.686727	.7352
2146.651080	.73522
2147.615434	.73522
2148.579788	.73536
2149.544141	.73558
2150.508495	.73579
2151.472848	.73604
2152.437202	.73629
2153.401556	.73638
2154.365909	.73628
2155.330263	.73609
2156.294616	.73594
2157.258970	.73594
2158.223323	.73597
2159.187677	.73586
2160.152031	.73566
2161.116384	.73549
2162.080738	.73547
2163.045091	.73562
2164.009445	.73581
2164.973799	.73602
2165.938152	.73622
2166.902506	.73629
2167.866859	.73624
2168.831213	.73621
2169.795566	.73622
2170.759920	.73628
2171.724274	.73629
2172.688627	.73608
2173.652981	.73579
2174.617334	.73574
2175.581688	.73583
2176.546042	.73579
2177.510395	.73579
2178.474749	.73593
2179.439102	.736
2180.403456	.73604
2181.367809	.73613
2182.332163	.73624
2183.296517	.73643
2184.260870	.73661
2185.225224	.7366
2186.189577	.73643
2187.153931	.7362
2188.118285	.73601
2189.082638	.73589
2190.046992	.73577
2191.011345	.73572
2191.975699	.73581
2192.940053	.73585
2193.904406	.73585
2194.868760	.73597
2195.833113	.73615
2196.797467	.7362
2197.761820	.73622
2198.726174	.73632
2199.690528	.73646
2200.654881	.73653
2201.619235	.73649
2202.583588	.73635
2203.547942	.73625
2204.512296	.73616
2205.476649	.73591
2206.441003	.73579
2207.405356	.73605
2208.369710	.73646
2209.334063	.73669
2210.298417	.73656
2211.262771	.73631
2212.227124	.73629
2213.191478	.73649
2214.155831	.73663
2215.120185	.73661
2216.084539	.73655
2217.048892	.73649
2218.013246	.73639
2218.977599	.73624
2219.941953	.73606
2220.906306	.73597
2221.870660	.73611
2222.835014	.73629
2223.799367	.73639
2224.763721	.73647
2225.728074	.73651
2226.692428	.73651
2227.656782	.73653
2228.621135	.73656
2229.585489	.73648
2230.549842	.73633
2231.514196	.7363
2232.478550	.73633
2233.442903	.73626
2234.407257	.73609
2235.371610	.73599
2236.335964	.73607
2237.300317	.7361
2238.264671	.73602
2239.229025	.73592
2240.193378	.73594
2241.157732	.73618
2242.122085	.73646
2243.086439	.73662
2244.050793	.73676
2245.015146	.73687
2245.979500	.73673
2246.943853	.73649
2247.908207	.7364
2248.872560	.73638
2249.836914	.73623
2250.801268	.73614
2251.765621	.73638
2252.729975	.73663
2253.694328	.73657
2254.658682	.73638
2255.623036	.73635
2256.587389	.7365
2257.551743	.7368
2258.516096	.7372
2259.480450	.73739
2260.444804	.7372
2261.409157	.73683
2262.373511	.73667
2263.337864	.73672
2264.302218	.73669
2265.266571	.73653
2266.230925	.7364
2267.195279	.73649
2268.159632	.73671
2269.123986	.73692
2270.088339	.73701
2271.052693	.737
2272.017047	.73719
2272.981400	.73749
2273.945754	.73763
2274.910107	.73759
2275.874461	.73758
2276.838814	.73754
2277.803168	.73738
2278.767522	.73726
2279.731875	.73719
2280.696229	.7371
2281.660582	.73702
2282.624936	.73728
2283.589290	.73785
2284.553643	.73829
2285.517997	.7385
2286.482350	.73854
2287.446704	.73866
2288.411057	.73869
2289.375411	.73864
2290.339765	.7388
2291.304118	.73897
2292.268472	.73896
2293.232825	.73865
2294.197179	.73837
2295.161533	.73827
2296.125886	.73814
2297.090240	.73791
2298.054593	.73768
2299.018947	.73769
2299.983301	.73777
2300.947654	.73781
2301.912008	.73793
2302.876361	.73823
2303.840715	.73862
2304.805068	.73872
2305.769422	.73858
2306.733776	.73835
2307.698129	.73822
2308.662483	.73823
2309.626836	.7382
2310.591190	.73797
2311.555544	.73736
2312.519897	.73674
2313.484251	.73638
2314.448604	.73684
2315.412958	.7378
2316.377311	.73804
2317.341665	.73814
2318.306019	.73855
2319.270372	.73877
2320.234726	.73859
2321.199079	.73821
2322.163433	.73764
2323.127787	.73665
2324.092140	.73589
2325.056494	.73579
2326.020847	.73596
2326.985201	.73607
2327.949554	.73609
2328.913908	.73568
2329.878262	.73488
2330.842615	.73398
2331.806969	.73309
2332.771322	.73319
2333.735676	.73437
2334.700030	.73573
2335.664383	.73563
2336.628737	.7339
2337.593090	.73327
2338.557444	.73389
2339.521798	.73413
2340.486151	.73406
2341.450505	.73398
2342.414858	.73308
2343.379212	.73166
2344.343565	.7301
2345.307919	.72794
2346.272273	.72628
2347.236626	.72746
2348.200980	.73348
2349.165333	.74133
2350.129687	.74549
2351.094041	.74472
2352.058394	.74277
2353.022748	.74155
2353.987101	.73993
2354.951455	.73824
2355.915808	.73788
2356.880162	.73743
2357.844516	.73542
2358.808869	.73303
2359.773223	.73185
2360.737576	.73207
2361.701930	.73294
2362.666284	.73374
2363.630637	.73377
2364.594991	.73265
2365.559344	.73104
2366.523698	.73041
2367.488052	.73078
2368.452405	.7312
2369.416759	.7315
2370.381112	.7315
2371.345466	.73106
2372.309819	.7306
2373.274173	.73087
2374.238527	.73194
2375.202880	.73315
2376.167234	.73406
2377.131587	.73485
2378.095941	.73568
2379.060295	.73616
2380.024648	.73638
2380.989002	.73682
2381.953355	.73758
2382.917709	.73844
2383.882062	.73918
2384.846416	.73963
2385.810770	.73985
2386.775123	.74011
2387.739477	.74029
2388.703830	.74034
2389.668184	.74058
2390.632538	.74109
2391.596891	.74148
2392.561245	.74151
2393.525598	.74141
2394.489952	.74153
2395.454305	.74171
2396.418659	.74155
2397.383013	.74111
2398.347366	.74077
2399.311720	.74054
2400.276073	.74032
2401.240427	.74015
2402.204781	.74
2403.169134	.73986
2404.133488	.7399
2405.097841	.74013
2406.062195	.74034
2407.026549	.74047
2407.990902	.74062
2408.955256	.74071
2409.919609	.74068
2410.883963	.74066
2411.848316	.74058
2412.812670	.74018
2413.777024	.73963
2414.741377	.7393
2415.705731	.73919
2416.670084	.73913
2417.634438	.73894
2418.598792	.73875
2419.563145	.73879
2420.527499	.7391
2421.491852	.73954
2422.456206	.7399
2423.420559	.74013
2424.384913	.74025
2425.349267	.74019
2426.313620	.73998
2427.277974	.73978
2428.242327	.73954
2429.206681	.73915
2430.171035	.73881
2431.135388	.73879
2432.099742	.73891
2433.064095	.7388
2434.028449	.73858
2434.992802	.73865
2435.957156	.73903
2436.921510	.73938
2437.885863	.73955
2438.850217	.73961
2439.814570	.73963
2440.778924	.73961
2441.743278	.73943
2442.707631	.73907
2443.671985	.73881
2444.636338	.73871
2445.600692	.73846
2446.565046	.73815
2447.529399	.73816
2448.493753	.73839
2449.458106	.73852
2450.422460	.7386
2451.386813	.73875
2452.351167	.73892
2453.315521	.73901
2454.279874	.73907
2455.244228	.73905
2456.208581	.73896
2457.172935	.73886
2458.137289	.73861
2459.101642	.73823
2460.065996	.73786
2461.030349	.73766
2461.994703	.73761
2462.959056	.73757
2463.923410	.73757
2464.887764	.73778
2465.852117	.7382
2466.816471	.73858
2467.780824	.7388
2468.745178	.73889
2469.709532	.73877
2470.673885	.73846
2471.638239	.73813
2472.602592	.73786
2473.566946	.73762
2474.531300	.73732
2475.495653	.73691
2476.460007	.73657
2477.424360	.7364
2478.388714	.73639
2479.353067	.73661
2480.317421	.73706
2481.281775	.73749
2482.246128	.73776
2483.210482	.73804
2484.174835	.7383
2485.139189	.73818
2486.103543	.7377
2487.067896	.73723
2488.032250	.73691
2488.996603	.73668
2489.960957	.73646
2490.925310	.73621
2491.889664	.73597
2492.854018	.73593
2493.818371	.73608
2494.782725	.73616
2495.747078	.73625
2496.711432	.7367
2497.675786	.73736
2498.640139	.73768
2499.604493	.73755
2500.568846	.73725
2501.533200	.73706
2502.497553	.73698
2503.461907	.73682
2504.426261	.73649
2505.390614	.73611
2506.354968	.73586
2507.319321	.73582
2508.283675	.73594
2509.248029	.73604
2510.212382	.7361
2511.176736	.73626
2512.141089	.73659
2513.105443	.737
2514.069797	.73737
2515.034150	.73754
2515.998504	.73745
2516.962857	.73707
2517.927211	.73651
2518.891564	.73602
2519.855918	.73578
2520.820272	.73566
2521.784625	.73543
2522.748979	.73528
2523.713332	.73548
2524.677686	.73581
2525.642040	.73604
2526.606393	.73627
2527.570747	.73662
2528.535100	.7371
2529.499454	.73753
2530.463807	.73764
2531.428161	.7374
2532.392515	.73704
2533.356868	.73662
2534.321222	.736
2535.285575	.73536
2536.249929	.73511
2537.214283	.73514
2538.178636	.73509
2539.142990	.73505
2540.107343	.73528
2541.071697	.73576
2542.036050	.73626
2543.000404	.73655
2543.964758	.73667
2544.929111	.73677
2545.893465	.73674
2546.857818	.73657
2547.822172	.73631
2548.786526	.73583
2549.750879	.73516
2550.715233	.73463
2551.679586	.73445
2552.643940	.73462
2553.608294	.73495
2554.572647	.73519
2555.537001	.73539
2556.501354	.7358
2557.465708	.73631
2558.430061	.73663
2559.394415	.73659
2560.358769	.7364
2561.323122	.73625
2562.287476	.73597
2563.251829	.73545
2564.216183	.73494
2565.180537	.73461
2566.144890	.73444
2567.109244	.73438
2568.073597	.73443
2569.037951	.73455
2570.002304	.73471
2570.966658	.73497
2571.931012	.73543
2572.895365	.73586
2573.859719	.73604
2574.824072	.73609
2575.788426	.73614
2576.752780	.73603
2577.717133	.73564
2578.681487	.73505
2579.645840	.73451
2580.610194	.73421
2581.574547	.73403
2582.538901	.73387
2583.503255	.73391
2584.467608	.73427
2585.431962	.73469
2586.396315	.7351
2587.360669	.73559
2588.325023	.73601
2589.289376	.73618
2590.253730	.73617
2591.218083	.73603
2592.182437	.73573
2593.146791	.73524
2594.111144	.73473
2595.075498	.73425
2596.039851	.7338
2597.004205	.73364
2597.968558	.73383
2598.932912	.7341
2599.897266	.73433
2600.861619	.7345
2601.825973	.73473
2602.790326	.73513
2603.754680	.7355
2604.719034	.73565
2605.683387	.73562
2606.647741	.73532
2607.612094	.73486
2608.576448	.73443
2609.540801	.734
2610.505155	.73364
2611.469509	.73343
2612.433862	.73322
2613.398216	.73313
2614.362569	.73336
2615.326923	.73383
2616.291277	.73426
2617.255630	.7346
2618.219984	.73502
2619.184337	.73542
2620.148691	.73548
2621.113045	.73524
2622.077398	.73484
2623.041752	.73429
2624.006105	.73378
2624.970459	.73345
2625.934812	.73305
2626.899166	.73265
2627.863520	.73257
2628.827873	.73272
2629.792227	.73304
2630.756580	.73352
2631.720934	.73405
2632.685288	.7345
2633.649641	.73481
2634.613995	.7349
2635.578348	.73473
2636.542702	.73438
2637.507055	.73397
2638.471409	.73352
2639.435763	.73314
2640.400116	.73285
2641.364470	.73242
2642.328823	.73185
2643.293177	.73162
2644.257531	.73201
2645.221884	.73258
2646.186238	.73292
2647.150591	.73319
2648.114945	.73358
2649.079298	.73392
2650.043652	.73394
2651.008006	.7337
2651.972359	.7334
2652.936713	.73311
2653.901066	.73281
2654.865420	.7325
2655.829774	.73201
2656.794127	.73144
2657.758481	.73122
2658.722834	.73144
2659.687188	.73175
2660.651542	.73198
2661.615895	.73221
2662.580249	.73265
2663.544602	.73323
2664.508956	.73359
2665.473309	.73359
2666.437663	.73334
2667.402017	.73288
2668.366370	.7323
2669.330724	.73175
2670.295077	.73142
2671.259431	.7313
2672.223785	.7311
2673.188138	.73085
2674.152492	.73096
2675.116845	.73139
2676.081199	.73185
2677.045552	.73223
2678.009906	.73251
2678.974260	.73273
2679.938613	.73293
2680.902967	.73311
2681.867320	.7332
2682.831674	.73294
2683.796028	.73225
2684.760381	.73149
2685.724735	.73108
2686.689088	.73102
2687.653442	.7311
2688.617795	.73111
2689.582149	.73108
2690.546503	.73116
2691.510856	.73137
2692.475210	.73174
2693.439563	.73226
2694.403917	.73276
2695.368271	.73299
2696.332624	.73295
2697.296978	.73277
2698.261331	.73245
2699.225685	.73204
2700.190039	.73167
2701.154392	.73133
2702.118746	.73097
2703.083099	.7307
2704.047453	.73065
2705.011806	.73094
2705.976160	.73151
2706.940514	.73209
2707.904867	.73249
2708.869221	.73271
2709.833574	.73289
2710.797928	.73308
2711.762282	.73304
2712.726635	.73266
2713.690989	.73217
2714.655342	.73171
2715.619696	.7312
2716.584049	.73083
2717.548403	.73078
2718.512757	.73075
2719.477110	.73063
2720.441464	.73077
2721.405817	.73129
2722.370171	.73189
2723.334525	.73245
2724.298878	.73291
2725.263232	.73302
2726.227585	.73291
2727.191939	.73291
2728.156293	.73271
2729.120646	.73208
2730.085000	.73147
2731.049353	.73115
2732.013707	.73083
2732.978060	.73051
2733.942414	.73034
2734.906768	.73043
2735.871121	.73076
2736.835475	.73126
2737.799828	.73191
2738.764182	.73255
2739.728536	.73289
2740.692889	.73305
2741.657243	.73304
2742.621596	.73271
2743.585950	.73233
2744.550303	.73204
2745.514657	.73165
2746.479011	.7312
2747.443364	.73079
2748.407718	.73054
2749.372071	.73056
2750.336425	.73073
2751.300779	.73101
2752.265132	.73152
2753.229486	.73212
2754.193839	.73259
2755.158193	.73279
2756.122546	.73276
2757.086900	.73268
2758.051254	.73256
2759.015607	.73227
2759.979961	.73184
2760.944314	.73133
2761.908668	.73072
2762.873022	.7302
2763.837375	.7301
2764.801729	.73038
2765.766082	.73067
2766.730436	.73087
2767.694790	.73126
2768.659143	.73186
2769.623497	.73226
2770.587850	.73238
2771.552204	.73252
2772.516557	.73263
2773.480911	.73248
2774.445265	.73211
2775.409618	.7316
2776.373972	.73097
2777.338325	.7304
2778.302679	.73005
2779.267033	.72996
2780.231386	.73017
2781.195740	.73068
2782.160093	.73127
2783.124447	.73188
2784.088800	.73243
2785.053154	.73267
2786.017508	.73269
2786.981861	.73272
2787.946215	.73269
2788.910568	.73245
2789.874922	.73209
2790.839276	.73165
2791.803629	.73104
2792.767983	.73047
2793.732336	.7302
2794.696690	.73014
2795.661043	.73023
2796.625397	.73058
2797.589751	.73105
2798.554104	.73148
2799.518458	.73202
2800.482811	.73264
2801.447165	.73302
2802.411519	.73297
2803.375872	.73261
2804.340226	.73212
2805.304579	.73153
2806.268933	.73088
2807.233287	.7302
2808.197640	.72978
2809.161994	.72976
2810.126347	.72985
2811.090701	.72995
2812.055054	.73039
2813.019408	.73113
2813.983762	.7317
2814.948115	.73205
2815.912469	.73243
2816.876822	.73273
2817.841176	.73264
2818.805530	.7322
2819.769883	.73174
2820.734237	.73129
2821.698590	.73066
2822.662944	.73007
2823.627297	.72976
2824.591651	.7296
2825.556005	.72967
2826.520358	.7301
2827.484712	.73066
2828.449065	.73117
2829.413419	.7316
2830.377773	.73195
2831.342126	.73224
2832.306480	.73245
2833.270833	.73244
2834.235187	.73198
2835.199541	.73122
2836.163894	.7306
2837.128248	.73
2838.092601	.72924
2839.056955	.72872
2840.021308	.72876
2840.985662	.7291
2841.950016	.72949
2842.914369	.72997
2843.878723	.73063
2844.843076	.73127
2845.807430	.7316
2846.771784	.73173
2847.736137	.73178
2848.700491	.73155
2849.664844	.73094
2850.629198	.73017
2851.593551	.72945
2852.557905	.72876
2853.522259	.72824
2854.486612	.72817
2855.450966	.72854
2856.415319	.72911
2857.379673	.72962
2858.344027	.73001
2859.308380	.73041
2860.272734	.7309
2861.237087	.73138
2862.201441	.73164
2863.165794	.73162
2864.130148	.73139
2865.094502	.73097
2866.058855	.73033
2867.023209	.72961
2867.987562	.72901
2868.951916	.72863
2869.916270	.72849
2870.880623	.72868
2871.844977	.72921
2872.809330	.72985
2873.773684	.73036
2874.738038	.73077
2875.702391	.73111
2876.666745	.73137
2877.631098	.73162
2878.595452	.73172
2879.559805	.73141
2880.524159	.73073
2881.488513	.72994
2882.452866	.72918
2883.417220	.7286
2884.381573	.72835
2885.345927	.72845
2886.310281	.72875
2887.274634	.72906
2888.238988	.72936
2889.203341	.72973
2890.167695	.73026
2891.132048	.73085
2892.096402	.73125
2893.060756	.73144
2894.025109	.7313
2894.989463	.73087
2895.953816	.73048
2896.918170	.73003
2897.882524	.72933
2898.846877	.72857
2899.811231	.72812
2900.775584	.7282
2901.739938	.72862
2902.704291	.72911
2903.668645	.72962
2904.632999	.73015
2905.597352	.73055
2906.561706	.73074
2907.526059	.73084
2908.490413	.73082
2909.454767	.73064
2910.419120	.73035
2911.383474	.72977
2912.347827	.72881
2913.312181	.72788
2914.276535	.72726
2915.240888	.72696
2916.205242	.72695
2917.169595	.72728
2918.133949	.72792
2919.098302	.72867
2920.062656	.72928
2921.027010	.72962
2921.991363	.72974
2922.955717	.72977
2923.920070	.72969
2924.884424	.72944
2925.848778	.72904
2926.813131	.72861
2927.777485	.72823
2928.741838	.72777
2929.706192	.72719
2930.670545	.72685
2931.634899	.72704
2932.599253	.72766
2933.563606	.72833
2934.527960	.72887
2935.492313	.72945
2936.456667	.73005
2937.421021	.7304
2938.385374	.73054
2939.349728	.73052
2940.314081	.73016
2941.278435	.72951
2942.242789	.72883
2943.207142	.72841
2944.171496	.72831
2945.135849	.72823
2946.100203	.72818
2947.064556	.72833
2948.028910	.72871
2948.993264	.72933
2949.957617	.72998
2950.921971	.73054
2951.886324	.73111
2952.850678	.73138
2953.815032	.73117
2954.779385	.73082
2955.743739	.73047
2956.708092	.73
2957.672446	.72934
2958.636799	.72864
2959.601153	.72823
2960.565507	.72809
2961.529860	.72801
2962.494214	.72811
2963.458567	.72862
2964.422921	.72928
2965.387275	.72976
2966.351628	.7301
2967.315982	.73037
2968.280335	.73057
2969.244689	.73078
2970.209042	.73097
2971.173396	.73079
2972.137750	.73012
2973.102103	.72931
2974.066457	.72866
2975.030810	.72816
2975.995164	.72799
2976.959518	.72834
2977.923871	.72891
2978.888225	.72942
2979.852578	.72991
2980.816932	.73042
2981.781286	.73099
2982.745639	.73143
2983.709993	.73154
2984.674346	.73146
2985.638700	.73112
2986.603053	.73052
2987.567407	.72998
2988.531761	.72949
2989.496114	.72899
2990.460468	.72858
2991.424821	.72833
2992.389175	.72849
2993.353529	.72902
2994.317882	.72954
2995.282236	.73001
2996.246589	.73039
2997.210943	.73067
2998.175296	.73109
2999.139650	.73156
3000.104004	.73177
3001.068357	.7316
3002.032711	.73109
3002.997064	.7302
3003.961418	.72921
3004.925772	.72861
3005.890125	.72854
3006.854479	.7287
3007.818832	.72871
3008.783186	.72873
3009.747539	.72909
3010.711893	.72966
3011.676247	.73015
3012.640600	.73056
3013.604954	.73097
3014.569307	.73128
3015.533661	.73126
3016.498015	.73081
3017.462368	.73016
3018.426722	.72956
3019.391075	.72909
3020.355429	.72879
3021.319783	.72859
3022.284136	.72848
3023.248490	.72868
3024.212843	.72917
3025.177197	.72963
3026.141550	.73002
3027.105904	.73049
3028.070258	.73103
3029.034611	.73155
3029.998965	.73177
3030.963318	.73141
3031.927672	.73071
3032.892026	.73018
3033.856379	.72973
3034.820733	.72922
3035.785086	.7289
3036.749440	.72875
3037.713793	.72853
3038.678147	.72843
3039.642501	.72884
3040.606854	.72968
3041.571208	.73027
3042.535561	.73054
3043.499915	.73089
3044.464269	.73122
3045.428622	.73127
3046.392976	.73113
3047.357329	.73089
3048.321683	.73048
3049.286037	.72979
3050.250390	.72902
3051.214744	.72853
3052.179097	.72841
3053.143451	.72852
3054.107804	.72886
3055.072158	.72941
3056.036512	.72988
3057.000865	.73028
3057.965219	.73071
3058.929572	.73103
3059.893926	.73125
3060.858280	.73131
3061.822633	.73114
3062.786987	.7308
3063.751340	.73018
3064.715694	.72942
3065.680047	.72875
3066.644401	.7282
3067.608755	.72797
3068.573108	.72811
3069.537462	.7284
3070.501815	.72875
3071.466169	.72917
3072.430523	.72975
3073.394876	.73052
3074.359230	.73124
3075.323583	.73147
3076.287937	.73113
3077.252290	.73056
3078.216644	.73
3079.180998	.72944
3080.145351	.72893
3081.109705	.72846
3082.074058	.72802
3083.038412	.72773
3084.002766	.72776
3084.967119	.72815
3085.931473	.72868
3086.895826	.72921
3087.860180	.72981
3088.824534	.73035
3089.788887	.73074
3090.753241	.73109
3091.717594	.73127
3092.681948	.73096
3093.646301	.73046
3094.610655	.73008
3095.575009	.72956
3096.539362	.72885
3097.503716	.72837
3098.468069	.72814
3099.432423	.72805
3100.396777	.72829
3101.361130	.72896
3102.325484	.72975
3103.289837	.73038
3104.254191	.7308
3105.218544	.73105
3106.182898	.73116
3107.147252	.73102
3108.111605	.73061
3109.075959	.73018
3110.040312	.72977
3111.004666	.72924
3111.969020	.72873
3112.933373	.72829
3113.897727	.72801
3114.862080	.72799
3115.826434	.7281
3116.790787	.72843
3117.755141	.72912
3118.719495	.72976
3119.683848	.73021
3120.648202	.73063
3121.612555	.73088
3122.576909	.73074
3123.541263	.73029
3124.505616	.72976
3125.469970	.72923
3126.434323	.72869
3127.398677	.72821
3128.363031	.72792
3129.327384	.72794
3130.291738	.72824
3131.256091	.72872
3132.220445	.72922
3133.184798	.72967
3134.149152	.7302
3135.113506	.73069
3136.077859	.73095
3137.042213	.73107
3138.006566	.73097
3138.970920	.73046
3139.935274	.72978
3140.899627	.72918
3141.863981	.72869
3142.828334	.72838
3143.792688	.7283
3144.757041	.72828
3145.721395	.72838
3146.685749	.72871
3147.650102	.72922
3148.614456	.72992
3149.578809	.73072
3150.543163	.73116
3151.507517	.73099
3152.471870	.73064
3153.436224	.73052
3154.400577	.73032
3155.364931	.72983
3156.329284	.72927
3157.293638	.72875
3158.257992	.72813
3159.222345	.72752
3160.186699	.72736
3161.151052	.72775
3162.115406	.72805
3163.079760	.72814
3164.044113	.72859
3165.008467	.72939
3165.972820	.73011
3166.937174	.7306
3167.901528	.73069
3168.865881	.7303
3169.830235	.7298
3170.794588	.72947
3171.758942	.72906
3172.723295	.72829
3173.687649	.72758
3174.652003	.72742
3175.616356	.72774
3176.580710	.72821
3177.545063	.72846
3178.509417	.72866
3179.473771	.72918
3180.438124	.72976
3181.402478	.73011
3182.366831	.73041
3183.331185	.73073
3184.295538	.73071
3185.259892	.73012
3186.224246	.72934
3187.188599	.72878
3188.152953	.72828
3189.117306	.72764
3190.081660	.72723
3191.046014	.72734
3192.010367	.72776
3192.974721	.72823
3193.939074	.72882
3194.903428	.7295
3195.867782	.73001
3196.832135	.73036
3197.796489	.73064
3198.760842	.73063
3199.725196	.73023
3200.689549	.72954
3201.653903	.72875
3202.618257	.7281
3203.582610	.72772
3204.546964	.7275
3205.511317	.72741
3206.475671	.72761
3207.440025	.72807
3208.404378	.72864
3209.368732	.72922
3210.333085	.72963
3211.297439	.7299
3212.261792	.73018
3213.226146	.73031
3214.190500	.73019
3215.154853	.72982
3216.119207	.72924
3217.083560	.72877
3218.047914	.72833
3219.012268	.72768
3219.976621	.72704
3220.940975	.72674
3221.905328	.72689
3222.869682	.72746
3223.834035	.72814
3224.798389	.72879
3225.762743	.72942
3226.727096	.72985
3227.691450	.73008
3228.655803	.73008
3229.620157	.7298
3230.584511	.72945
3231.548864	.72891
3232.513218	.72795
3233.477571	.72708
3234.441925	.72689
3235.406279	.72701
3236.370632	.72686
3237.334986	.72681
3238.299339	.7274
3239.263693	.72819
3240.228046	.72877
3241.192400	.72946
3242.156754	.73027
3243.121107	.73072
3244.085461	.73055
3245.049814	.72978
3246.014168	.72894
3246.978522	.72847
3247.942875	.72811
3248.907229	.72749
3249.871582	.72665
3250.835936	.72619
3251.800289	.7266
3252.764643	.7273
3253.728997	.72756
3254.693350	.72775
3255.657704	.72832
3256.622057	.72905
3257.586411	.72964
3258.550765	.72997
3259.515118	.73003
3260.479472	.72995
3261.443825	.72968
3262.408179	.72908
3263.372532	.72836
3264.336886	.72766
3265.301240	.7271
3266.265593	.72694
3267.229947	.72703
3268.194300	.72713
3269.158654	.72729
3270.123008	.72761
3271.087361	.72807
3272.051715	.72862
3273.016068	.72919
3273.980422	.72956
3274.944776	.7296
3275.909129	.72928
3276.873483	.72872
3277.837836	.72816
3278.802190	.72764
3279.766543	.72718
3280.730897	.72677
3281.695251	.72647
3282.659604	.72645
3283.623958	.72671
3284.588311	.72722
3285.552665	.72791
3286.517019	.72859
3287.481372	.72923
3288.445726	.72975
3289.410079	.72989
3290.374433	.72954
3291.338786	.72896
3292.303140	.72847
3293.267494	.72791
3294.231847	.72716
3295.196201	.72653
3296.160554	.72626
3297.124908	.72622
3298.089262	.72624
3299.053615	.72658
3300.017969	.72731
3300.982322	.72801
3301.946676	.72852
3302.911030	.72887
3303.875383	.72896
3304.839737	.72895
3305.804090	.72909
3306.768444	.72925
3307.732797	.72901
3308.697151	.72833
3309.661505	.72773
3310.625858	.72754
3311.590212	.72741
3312.554565	.72713
3313.518919	.72688
3314.483273	.72694
3315.447626	.72752
3316.411980	.72843
3317.376333	.7292
3318.340687	.72957
3319.305040	.72973
3320.269394	.72994
3321.233748	.73009
3322.198101	.73003
3323.162455	.72956
3324.126808	.72849
3325.091162	.72734
3326.055516	.72686
3327.019869	.72689
3327.984223	.72706
3328.948576	.72724
3329.912930	.72725
3330.877283	.72732
3331.841637	.728
3332.805991	.7291
3333.770344	.72993
3334.734698	.73019
3335.699051	.73006
3336.663405	.72959
3337.627759	.72907
3338.592112	.72895
3339.556466	.72889
3340.520819	.72821
3341.485173	.72711
3342.449527	.72634
3343.413880	.72636
3344.378234	.72689
3345.342587	.72733
3346.306941	.72763
3347.271294	.72804
3348.235648	.7285
3349.200002	.72874
3350.164355	.72894
3351.128709	.72939
3352.093062	.72971
3353.057416	.72958
3354.021770	.72931
3354.986123	.72894
3355.950477	.72832
3356.914830	.72754
3357.879184	.72692
3358.843537	.72669
3359.807891	.72675
3360.772245	.72707
3361.736598	.72764
3362.700952	.72829
3363.665305	.7289
3364.629659	.72942
3365.594013	.72974
3366.558366	.72969
3367.522720	.7293
3368.487073	.72865
3369.451427	.72799
3370.415780	.72772
3371.380134	.72768
3372.344488	.72738
3373.308841	.72672
3374.273195	.72626
3375.237548	.72662
3376.201902	.7275
3377.166256	.72812
3378.130609	.72825
3379.094963	.72848
3380.059316	.72919
3381.023670	.72973
3381.988024	.72975
3382.952377	.72969
3383.916731	.72952
3384.881084	.72897
3385.845438	.72836
3386.809791	.72793
3387.774145	.72758
3388.738499	.72713
3389.702852	.72659
3390.667206	.7264
3391.631559	.7267
3392.595913	.72711
3393.560267	.72773
3394.524620	.72866
3395.488974	.72943
3396.453327	.72965
3397.417681	.72943
3398.382034	.72914
3399.346388	.72881
3400.310742	.72828
3401.275095	.72776
3402.239449	.72747
3403.203802	.72735
3404.168156	.72723
3405.132510	.7272
3406.096863	.72748
3407.061217	.72777
3408.025570	.72794
3408.989924	.72836
3409.954278	.72899
3410.918631	.7294
3411.882985	.72962
3412.847338	.72984
3413.811692	.72986
3414.776045	.72955
3415.740399	.72912
3416.704753	.72859
3417.669106	.72795
3418.633460	.72742
3419.597813	.72696
3420.562167	.72662
3421.526521	.7267
3422.490874	.72719
3423.455228	.72781
3424.419581	.7284
3425.383935	.72893
3426.348288	.72921
3427.312642	.72931
3428.276996	.72946
3429.241349	.72954
3430.205703	.72943
3431.170056	.72906
3432.134410	.72842
3433.098764	.72764
3434.063117	.72691
3435.027471	.72641
3435.991824	.72628
3436.956178	.72657
3437.920531	.72726
3438.884885	.72815
3439.849239	.72905
3440.813592	.72978
3441.777946	.73012
3442.742299	.73021
3443.706653	.73026
3444.671007	.73031
3445.635360	.73013
3446.599714	.72897
3447.564067	.72741
3448.528421	.72692
3449.492775	.72721
3450.457128	.72741
3451.421482	.72745
3452.385835	.72745
3453.350189	.72768
3454.314542	.72834
3455.278896	.72907
3456.243250	.72958
3457.207603	.72999
3458.171957	.73019
3459.136310	.73
3460.100664	.72981
3461.065018	.7296
3462.029371	.7288
3462.993725	.72779
3463.958078	.72723
3464.922432	.72697
3465.886785	.72661
3466.851139	.72608
3467.815493	.72593
3468.779846	.72653
3469.744200	.72759
3470.708553	.72871
3471.672907	.7297
3472.637261	.73036
3473.601614	.73051
3474.565968	.73033
3475.530321	.73028
3476.494675	.73027
3477.459028	.72956
3478.423382	.7283
3479.387736	.72754
3480.352089	.72756
3481.316443	.72747
3482.280796	.72696
3483.245150	.72713
3484.209504	.7281
3485.173857	.72866
3486.138211	.72899
3487.102564	.72976
3488.066918	.73047
3489.031272	.73066
3489.995625	.73055
3490.959979	.7302
3491.924332	.72978
3492.888686	.72967
3493.853039	.72953
3494.817393	.72891
3495.781747	.7279
3496.746100	.727
3497.710454	.72687
3498.674807	.72762
3499.639161	.72865
3500.603515	.72928
3501.567868	.72926
3502.532222	.72887
3503.496575	.72875
3504.460929	.729
3505.425282	.72922
3506.389636	.72957
3507.353990	.73023
3508.318343	.73012
3509.282697	.72874
3510.247050	.72763
3511.211404	.72746
3512.175758	.72743
3513.140111	.72742
3514.104465	.72768
3515.068818	.72824
3516.033172	.72898
3516.997526	.72964
3517.961879	.73014
3518.926233	.73061
3519.890586	.73112
3520.854940	.73163
3521.819293	.73147
3522.783647	.73001
3523.748001	.72839
3524.712354	.72808
3525.676708	.72842
3526.641061	.72833
3527.605415	.72766
3528.569769	.72693
3529.534122	.72697
3530.498476	.72779
3531.462829	.7287
3532.427183	.7295
3533.391536	.73015
3534.355890	.73079
3535.320244	.73095
3536.284597	.73
3537.248951	.72936
3538.213304	.72968
3539.177658	.72954
3540.142012	.72885
3541.106365	.72841
3542.070719	.7284
3543.035072	.72867
3543.999426	.72842
3544.963779	.72753
3545.928133	.72739
3546.892487	.7279
3547.856840	.7284
3548.821194	.7294
3549.785547	.73074
3550.749901	.73151
3551.714255	.73097
3552.678608	.73004
3553.642962	.72982
3554.607315	.72975
3555.571669	.72955
3556.536023	.7293
3557.500376	.72917
3558.464730	.72912
3559.429083	.72858
3560.393437	.72808
3561.357790	.72902
3562.322144	.73063
3563.286498	.73165
3564.250851	.733
3565.215205	.73394
3566.179558	.73268
3567.143912	.72927
3568.108266	.72544
3569.072619	.7249
3570.036973	.72718
3571.001326	.72864
3571.965680	.72896
3572.930033	.729
3573.894387	.72866
3574.858741	.72857
3575.823094	.72914
3576.787448	.72946
3577.751801	.72955
3578.716155	.72989
3579.680509	.72984
3580.644862	.72973
3581.609216	.73025
3582.573569	.73097
3583.537923	.73171
3584.502276	.73323
3585.466630	.73382
3586.430984	.73164
3587.395337	.72841
3588.359691	.72479
3589.324044	.72286
3590.288398	.72543
3591.252752	.72915
3592.217105	.7303
3593.181459	.72985
3594.145812	.73004
3595.110166	.72984
3596.074520	.72952
3597.038873	.73051
3598.003227	.73107
3598.967580	.73091
3599.931934	.73046
3600.896287	.72889
3601.860641	.72757
3602.824995	.72747
3603.789348	.72795
3604.753702	.72949
3605.718055	.73108
3606.682409	.73119
3607.646763	.73101
3608.611116	.72858
3609.575470	.72551
3610.539823	.72919
3611.504177	.73369
3612.468530	.7319
3613.432884	.72947
3614.397238	.72956
3615.361591	.73071
3616.325945	.7328
3617.290298	.73354
3618.254652	.73194
3619.219006	.72792
3620.183359	.72371
3621.147713	.72412
3622.112066	.7272
3623.076420	.72906
3624.040774	.72997
3625.005127	.73127
3625.969481	.73457
3626.933834	.74007
3627.898188	.74067
3628.862541	.72863
3629.826895	.71774
3630.791249	.72095
3631.755602	.72845
3632.719956	.73124
3633.684309	.7283
3634.648663	.72559
3635.613017	.72674
3636.577370	.72858
3637.541724	.72875
3638.506077	.72851
3639.470431	.7292
3640.434784	.73056
3641.399138	.73135
3642.363492	.73109
3643.327845	.73112
3644.292199	.73302
3645.256552	.73645
3646.220906	.7378
3647.185260	.73575
3648.149613	.7336
3649.113967	.73012
3650.078320	.7235
3651.042674	.71876
3652.007027	.72013
3652.971381	.72562
3653.935735	.73209
3654.900088	.73598
3655.864442	.73155
3656.828795	.72427
3657.793149	.72549
3658.757503	.72972
3659.721856	.73079
3660.686210	.73038
3661.650563	.73033
3662.614917	.73028
3663.579271	.72999
3664.543624	.72972
3665.507978	.72997
3666.472331	.73234
3667.436685	.73536
3668.401038	.73643
3669.365392	.73486
3670.329746	.72752
3671.294099	.72143
3672.258453	.72781
3673.222806	.73981
3674.187160	.74499
3675.151514	.73389
3676.115867	.71875
3677.080221	.72027
3678.044574	.72797
3679.008928	.72953
3679.973281	.72695
3680.937635	.72664
3681.901989	.72831
3682.866342	.72934
3683.830696	.72944
3684.795049	.72996
3685.759403	.73368
3686.723757	.73935
3687.688110	.7375
3688.652464	.7285
3689.616817	.72789
3690.581171	.72975
3691.545524	.72654
3692.509878	.72601
3693.474232	.7283
3694.438585	.72901
3695.402939	.72874
3696.367292	.72848
3697.331646	.72852
3698.296000	.729
3699.260353	.73088
3700.224707	.73319
3701.189060	.73131
3702.153414	.72657
3703.117768	.72661
3704.082121	.72992
3705.046475	.73138
3706.010828	.73173
3706.975182	.73396
3707.939535	.73623
3708.903889	.73372
3709.868243	.73173
3710.832596	.73366
3711.796950	.7282
3712.761303	.71972
3713.725657	.72141
3714.690011	.726
3715.654364	.72819
3716.618718	.73033
3717.583071	.73194
3718.547425	.73129
3719.511778	.73145
3720.476132	.73445
3721.440486	.7347
3722.404839	.73036
3723.369193	.729
3724.333546	.73162
3725.297900	.73233
3726.262254	.72874
3727.226607	.72518
3728.190961	.72601
3729.155314	.72975
3730.119668	.73456
3731.084022	.73577
3732.048375	.73069
3733.012729	.72983
3733.977082	.73411
3734.941436	.73272
3735.905789	.72617
3736.870143	.72234
3737.834497	.72312
3738.798850	.72679
3739.763204	.72996
3740.727557	.73033
3741.691911	.7336
3742.656265	.74385
3743.620618	.7448
3744.584972	.721
3745.549325	.71031
3746.513679	.72345
3747.478032	.73797
3748.442386	.74125
3749.406740	.73159
3750.371093	.7298
3751.335447	.73269
3752.299800	.72371
3753.264154	.71911
3754.228508	.72635
3755.192861	.73195
3756.157215	.73103
3757.121568	.72952
3758.085922	.73134
3759.050275	.72996
3760.014629	.72461
3760.978983	.72407
3761.943336	.72776
3762.907690	.73127
3763.872043	.73404
3764.836397	.73352
3765.800751	.72928
3766.765104	.72868
3767.729458	.73389
3768.693811	.73657
3769.658165	.73066
3770.622519	.72446
3771.586872	.72552
3772.551226	.72807
3773.515579	.72852
3774.479933	.72827
3775.444286	.72835
3776.408640	.72945
3777.372994	.73186
3778.337347	.73277
3779.301701	.72933
3780.266054	.72651
3781.230408	.72831
3782.194762	.73131
3783.159115	.73282
3784.123469	.73195
3785.087822	.72973
3786.052176	.72851
3787.016529	.72845
3787.980883	.72858
3788.945237	.72845
3789.909590	.72809
3790.873944	.72787
3791.838297	.72825
3792.802651	.72931
3793.767005	.7316
3794.731358	.73445
3795.695712	.73377
3796.660065	.72944
3797.624419	.72844
3798.588772	.73358
3799.553126	.74068
3800.517480	.73989
3801.481833	.72657
3802.446187	.71852
3803.410540	.7223
3804.374894	.72951
3805.339248	.73589
3806.303601	.73357
3807.267955	.72331
3808.232308	.7213
3809.196662	.72628
3810.161016	.72948
3811.125369	.73057
3812.089723	.73142
3813.054076	.73394
3814.018430	.73984
3814.982783	.74139
3815.947137	.72942
3816.911491	.72035
3817.875844	.72607
3818.840198	.73523
3819.804551	.73876
3820.768905	.73037
3821.733259	.71816
3822.697612	.71832
3823.661966	.72549
3824.626319	.73085
3825.590673	.73208
3826.555026	.7298
3827.519380	.72805
3828.483734	.72981
3829.448087	.73394
3830.412441	.73583
3831.376794	.73144
3832.341148	.72829
3833.305502	.73167
3834.269855	.73201
3835.234209	.72979
3836.198562	.73382
3837.162916	.73404
3838.127269	.72514
3839.091623	.72358
3840.055977	.72701
3841.020330	.7279
3841.984684	.73038
3842.949037	.73159
3843.913391	.7284
3844.877745	.72699
3845.842098	.72885
3846.806452	.73051
3847.770805	.73144
3848.735159	.73202
3849.699513	.73473
3850.663866	.73941
3851.628220	.74191
3852.592573	.7411
3853.556927	.72823
3854.521280	.71032
3855.485634	.71436
3856.449988	.72501
3857.414341	.72781
3858.378695	.72814
3859.343048	.73097
3860.307402	.73367
3861.271756	.73222
3862.236109	.73014
3863.200463	.73289
3864.164816	.73273
3865.129170	.72507
3866.093523	.72271
3867.057877	.73008
3868.022231	.73814
3868.986584	.73687
3869.950938	.72472
3870.915291	.71931
3871.879645	.72632
3872.843999	.73289
3873.808352	.73075
3874.772706	.72572
3875.737059	.72672
3876.701413	.73016
3877.665767	.73295
3878.630120	.7354
3879.594474	.73264
3880.558827	.72482
3881.523181	.72269
3882.487534	.72683
3883.451888	.73205
3884.416242	.73475
3885.380595	.72891
3886.344949	.72126
3887.309302	.72346
3888.273656	.72991
3889.238010	.73548
3890.202363	.73667
3891.166717	.73004
3892.131070	.72436
3893.095424	.72611
3894.059777	.72874
3895.024131	.7294
3895.988485	.73027
3896.952838	.73256
3897.917192	.7339
3898.881545	.73042
3899.845899	.72763
3900.810253	.72913
3901.774606	.72945
3902.738960	.72961
3903.703313	.72876
3904.667667	.72537
3905.632020	.72492
3906.596374	.72722
3907.560728	.72901
3908.525081	.72967
3909.489435	.72952
3910.453788	.72935
3911.418142	.72925
3912.382496	.72905
3913.346849	.72893
3914.311203	.72985
3915.275556	.73153
3916.239910	.73069
3917.204264	.72768
3918.168617	.72807
3919.132971	.73008
3920.097324	.72917
3921.061678	.72866
3922.026031	.73074
3922.990385	.73234
3923.954739	.73118
3924.919092	.7281
3925.883446	.72673
3926.847799	.72802
3927.812153	.72932
3928.776507	.72927
3929.740860	.72938
3930.705214	.73038
3931.669567	.72969
3932.633921	.72722
3933.598274	.72676
3934.562628	.72842
3935.526982	.73009
3936.491335	.73125
3937.455689	.73141
3938.420042	.73061
3939.384396	.73012
3940.348750	.73096
3941.313103	.73165
3942.277457	.7294
3943.241810	.72619
3944.206164	.72601
3945.170517	.72784
3946.134871	.72902
3947.099225	.7289
3948.063578	.7288
3949.027932	.72924
3949.992285	.72914
3950.956639	.72919
3951.920993	.7301
3952.885346	.73056
3953.849700	.73035
3954.814053	.73022
3955.778407	.72999
3956.742761	.72939
3957.707114	.72892
3958.671468	.72885
3959.635821	.72885
3960.600175	.72865
3961.564528	.72823
3962.528882	.72834
3963.493236	.72931
3964.457589	.73012
3965.421943	.7302
3966.386296	.7303
3967.350650	.73092
3968.315004	.73124
3969.279357	.73073
3970.243711	.73009
3971.208064	.7297
3972.172418	.72936
3973.136771	.72908
3974.101125	.72884
3975.065479	.72841
3976.029832	.72788
3976.994186	.72807
3977.958539	.72915
3978.922893	.73001
3979.887247	.7302
3980.851600	.73048
3981.815954	.73093
3982.780307	.73077
3983.744661	.73004
3984.709015	.72958
3985.673368	.72962
3986.637722	.72963
3987.602075	.72936
3988.566429	.72897
3989.530782	.72862
3990.495136	.72847
3991.459490	.72871
3992.423843	.72917
3993.388197	.72941
3994.352550	.72943
3995.316904	.72948
3996.281258	.72964
3997.245611	.73005
3998.209965	.73059
3999.174318	.73086
4000.138672	.73071
