499.535156	.0019963
500.499510	.0020357
501.463863	.0021233
502.428217	.0012628
503.392571	.0004081
504.356924	-.0001932
505.321278	.0009501
506.285631	.0019966
507.249985	.0022033
508.214339	.002277
509.178692	.0025023
510.143046	.0020073
511.107399	.0009578
512.071753	.0007054
513.036106	.0019009
514.000460	.0025755
514.964814	.0021621
515.929167	.0014043
516.893521	.0009583
517.857874	.0004765
518.822228	-.0001638
519.786582	-.000364
520.750935	.000876
521.715289	.0019266
522.679642	.0021305
523.643996	.001188
524.608349	-.0001283
525.572703	.0000221
526.537057	.0016752
527.501410	.0030332
528.465764	.0029705
529.430117	.0018387
530.394471	.0014119
531.358825	.0014834
532.323178	.0014758
533.287532	.001522
534.251885	.0014507
535.216239	.0018734
536.180593	.0016306
537.144946	.0003918
538.109300	.0014783
539.073653	.002299
540.038007	.0023051
541.002360	.0024742
541.966714	.001951
542.931068	.0015722
543.895421	.0022815
544.859775	.0015519
545.824128	.0010311
546.788482	.0019555
547.752836	.0019608
548.717189	.0017478
549.681543	.0024625
550.645896	.0029189
551.610250	.0024955
552.574603	.0014648
553.538957	.0004636
554.503311	.00053
555.467664	.0011998
556.432018	.0001893
557.396371	.0014828
558.360725	.0009144
559.325079	.0004324
560.289432	.0009479
561.253786	.0015
562.218139	.0013169
563.182493	.001534
564.146846	.0007771
565.111200	.0015144
566.075554	.0019623
567.039907	.0011878
568.004261	.0012463
568.968614	.0015433
569.932968	.0013887
570.897322	.0011479
571.861675	.0006601
572.826029	.0006232
573.790382	.0009863
574.754736	.0006474
575.719090	.0008145
576.683443	.0017559
577.647797	.0020871
578.612150	.001813
579.576504	.0011664
580.540857	.0009309
581.505211	.0012415
582.469565	.0013089
583.433918	.0011003
584.398272	.0012742
585.362625	.0016426
586.326979	.0018788
587.291333	.0020769
588.255686	.0020437
589.220040	.0016262
590.184393	.0012103
591.148747	.0012195
592.113100	.0011486
593.077454	.0004861
594.041808	.0001717
595.006161	.0002166
595.970515	.0008559
596.934868	.0012152
597.899222	.0012752
598.863576	.0011363
599.827929	.0010432
600.792283	.0005651
601.756636	.0008333
602.720990	.0017129
603.685343	.0016758
604.649697	.0011683
605.614051	.0011129
606.578404	.0005819
607.542758	-.0002231
608.507111	.0005091
609.471465	.0011059
610.435819	.0009474
611.400172	.0006458
612.364526	.0005085
613.328879	.0009001
614.293233	.0016812
615.257587	.0021291
616.221940	.0015961
617.186294	.00092
618.150647	.0011499
619.115001	.0021397
620.079354	.0025446
621.043708	.0021262
622.008062	.0017234
622.972415	.0019693
623.936769	.0018235
624.901122	.0014488
625.865476	.0016946
626.829830	.0021376
627.794183	.0016549
628.758537	.0011998
629.722890	.0016988
630.687244	.0028235
631.651597	.0026042
632.615951	.0005151
633.580305	-.0004445
634.544658	.0002742
635.509012	.0011581
636.473365	.0009883
637.437719	.0007743
638.402073	.0007479
639.366426	.0006935
640.330780	.0013569
641.295133	.0019613
642.259487	.0011304
643.223841	.0001518
644.188194	-.0001911
645.152548	-.0001264
646.116901	.0004024
647.081255	.0010465
648.045608	.0013867
649.009962	.0011927
649.974316	.000653
650.938669	.0005128
651.903023	.0005864
652.867376	.0006328
653.831730	.0005512
654.796084	.0004988
655.760437	.0007444
656.724791	.0007971
657.689144	.0007833
658.653498	.0005312
659.617851	.0003579
660.582205	.0007192
661.546559	.0010576
662.510912	.0012257
663.475266	.0012807
664.439619	.0007617
665.403973	.0000306
666.368327	.0000952
667.332680	.0011741
668.297034	.0016672
669.261387	.0016818
670.225741	.0010459
671.190094	-.0000499
672.154448	.0001142
673.118802	.0011077
674.083155	.0011513
675.047509	.0003731
676.011862	.0001514
676.976216	.0007973
677.940570	.0011794
678.904923	.0004017
679.869277	.0002206
680.833630	.0013843
681.797984	.0017276
682.762338	.0012097
683.726691	.0003456
684.691045	.0010503
685.655398	.0004149
686.619752	.0000513
687.584105	.0005921
688.548459	.0013748
689.512813	.0012745
690.477166	.0008762
691.441520	.0004054
692.405873	.000771
693.370227	.0014503
694.334581	.0012962
695.298934	.0000973
696.263288	.0000334
697.227641	.0010865
698.191995	.0010584
699.156348	.000387
700.120702	.0003224
701.085056	.0007079
702.049409	.0009696
703.013763	.000765
703.978116	.0003872
704.942470	.0002158
705.906824	.0003464
706.871177	.0005492
707.835531	.0005748
708.799884	.0006471
709.764238	.0008508
710.728591	.0008103
711.692945	.0006235
712.657299	.0004159
713.621652	.0004361
714.586006	.0005737
715.550359	.0007398
716.514713	.0005308
717.479067	.0002557
718.443420	.0004696
719.407774	.001117
720.372127	.0008
721.336481	.0001744
722.300835	.0001251
723.265188	.0005848
724.229542	.0007898
725.193895	.0004053
726.158249	.0001969
727.122602	.0004035
728.086956	.0005811
729.051310	.0006238
730.015663	.0003833
730.980017	.0004049
731.944370	.0007494
732.908724	.0008809
733.873078	.0004582
734.837431	.0001044
735.801785	.0003942
736.766138	.0006568
737.730492	.0006678
738.694845	.0009447
739.659199	.0010126
740.623553	.0006991
741.587906	.0003848
742.552260	.0003575
743.516613	.0003843
744.480967	.0002549
745.445321	.0001026
746.409674	.0002968
747.374028	.0007156
748.338381	.0008536
749.302735	.0003801
750.267088	.000615
751.231442	.000962
752.195796	.0007342
753.160149	.0004309
754.124503	.000595
755.088856	.0006917
756.053210	.000735
757.017564	.0007885
757.981917	.0007089
758.946271	.0004985
759.910624	.0003969
760.874978	.0001319
761.839332	.0001663
762.803685	.00038
763.768039	.0006011
764.732392	.0009121
765.696746	.0014053
766.661099	.0016653
767.625453	.0012946
768.589807	.0004859
769.554160	.0002132
770.518514	.0004506
771.482867	.0005104
772.447221	.0005726
773.411575	.0004872
774.375928	.0003592
775.340282	.0004535
776.304635	.0002323
777.268989	.0003836
778.233342	.0008094
779.197696	.0009298
780.162050	.0009784
781.126403	.0009752
782.090757	.0008413
783.055110	.0005789
784.019464	.0003551
784.983818	.0002843
785.948171	.0001869
786.912525	.0002157
787.876878	.000434
788.841232	.0008531
789.805586	.0012278
790.769939	.0011284
791.734293	.0008208
792.698646	.0008491
793.663000	.0009218
794.627353	.0008096
795.591707	.0006493
796.556061	.0007263
797.520414	.0008251
798.484768	.0006963
799.449121	.0005124
800.413475	.0007146
801.377829	.001134
802.342182	.0013494
803.306536	.0012788
804.270889	.0011163
805.235243	.0006529
806.199596	.0002336
807.163950	.000215
808.128304	.0007391
809.092657	.0008914
810.057011	.0010901
811.021364	.001128
811.985718	.0007834
812.950072	.0004141
813.914425	.0004928
814.878779	.0006094
815.843132	.0004539
816.807486	.0003847
817.771839	.0006121
818.736193	.0008372
819.700547	.0009184
820.664900	.0007259
821.629254	.0004038
822.593607	.0001243
823.557961	.0001454
824.522315	.0004913
825.486668	.0009456
826.451022	.0010028
827.415375	.000597
828.379729	.0000523
829.344083	-.0000536
830.308436	.0001287
831.272790	.0001888
832.237143	.0000747
833.201497	.0003063
834.165850	.000346
835.130204	.0002321
836.094558	.0003795
837.058911	.0007592
838.023265	.000967
838.987618	.0010281
839.951972	.0009733
840.916326	.0008447
841.880679	.0006112
842.845033	.0003474
843.809386	.000611
844.773740	.0009316
845.738093	.0003552
846.702447	.000149
847.666801	.0006319
848.631154	.0007747
849.595508	.000247
850.559861	.0000851
851.524215	.0005026
852.488569	.0008574
853.452922	.0005328
854.417276	.0004912
855.381629	.0006766
856.345983	.0007533
857.310336	.0006839
858.274690	.0007528
859.239044	.0006942
860.203397	.0003561
861.167751	.0001217
862.132104	.0001102
863.096458	.0001963
864.060812	.0003197
865.025165	.0006841
865.989519	.0008521
866.953872	.0006135
867.918226	.0007513
868.882580	.0007365
869.846933	.0005783
870.811287	.0004139
871.775640	.0002872
872.739994	.0002867
873.704347	.0004732
874.668701	.0007708
875.633055	.0009424
876.597408	.0006347
877.561762	.0004383
878.526115	.0005752
879.490469	.0004394
880.454823	.0002337
881.419176	.0002632
882.383530	.0000577
883.347883	.0000721
884.312237	.0002863
885.276590	.0005342
886.240944	.0007692
887.205298	.0006387
888.169651	.0001678
889.134005	.0003204
890.098358	.0004743
891.062712	.0008587
892.027066	.0009192
892.991419	.0008042
893.955773	.0006241
894.920126	.000404
895.884480	.0003179
896.848834	.000454
897.813187	.0003652
898.777541	.0002098
899.741894	.0005246
900.706248	.0004585
901.670601	.0002146
902.634955	.0002585
903.599309	.0003776
904.563662	.0005501
905.528016	.0006168
906.492369	.0004468
907.456723	.0000646
908.421077	.0003148
909.385430	.0004382
910.349784	.0005344
911.314137	.0004545
912.278491	.0003569
913.242844	.0003413
914.207198	.0003739
915.171552	.0003299
916.135905	.0002052
917.100259	-.0000124
918.064612	-.0000829
919.028966	.0000985
919.993320	.0004537
920.957673	.0005054
921.922027	.0004185
922.886380	.0005543
923.850734	.0007297
924.815087	.0005123
925.779441	.0002627
926.743795	.0002409
927.708148	.0003757
928.672502	.0004944
929.636855	.0004536
930.601209	.0003585
931.565563	.0004336
932.529916	.0005174
933.494270	.0005131
934.458623	.0005139
935.422977	.0005661
936.387331	.0005268
937.351684	.0003479
938.316038	.0002008
939.280391	.0002613
940.244745	.0004035
941.209098	.0005123
942.173452	.0005823
943.137806	.0006862
944.102159	.0007405
945.066513	.0006088
946.030866	.0004037
946.995220	.0004344
947.959574	.0008137
948.923927	.0009748
949.888281	.0007882
950.852634	.0005219
951.816988	.0002579
952.781341	.000094
953.745695	.0000526
954.710049	.0002044
955.674402	.0004591
956.638756	.0002977
957.603109	.0004025
958.567463	.0005783
959.531817	.0004728
960.496170	.0005329
961.460524	.0007298
962.424877	.0006496
963.389231	.0002859
964.353584	.0002511
965.317938	.0002572
966.282292	.0001389
967.246645	.0001971
968.210999	.0003358
969.175352	.0004304
970.139706	.0004555
971.104060	.0004219
972.068413	.0005154
973.032767	.0006015
973.997120	.0004678
974.961474	.0003051
975.925828	.0003032
976.890181	.0003442
977.854535	.000584
978.818888	.0007457
979.783242	.0005485
980.747595	.0001132
981.711949	.0000276
982.676303	.0003609
983.640656	.0005557
984.605010	.0006144
985.569363	.0005157
986.533717	.0002431
987.498071	.0001011
988.462424	.0002039
989.426778	.0005513
990.391131	.000211
991.355485	.0001203
992.319838	.0003989
993.284192	.000579
994.248546	.0005751
995.212899	.0004838
996.177253	.000263
997.141606	.0001593
998.105960	.0002982
999.070314	.0003623
1000.034667	-.000037
1000.999021	.0000442
1001.963374	.0004382
1002.927728	.0006279
1003.892082	.0003201
1004.856435	.0000508
1005.820789	.0003278
1006.785142	.0005442
1007.749496	.0005377
1008.713849	.0004777
1009.678203	.0003403
1010.642557	.000242
1011.606910	.0003381
1012.571264	.0004913
1013.535617	.0003494
1014.499971	.0003246
1015.464325	.0003764
1016.428678	.0003427
1017.393032	.0002333
1018.357385	.0000459
1019.321739	.0000112
1020.286092	.0003841
1021.250446	.0003181
1022.214800	.0001317
1023.179153	.0001523
1024.143507	.0004862
1025.107860	.0003671
1026.072214	.0000847
1027.036568	.0000312
1028.000921	.0000838
1028.965275	.0001641
1029.929628	.0003023
1030.893982	.0000702
1031.858335	.0004776
1032.822689	.0004952
1033.787043	.0001875
1034.751396	-.0000969
1035.715750	4.21E-06
1036.680103	.0002114
1037.644457	.0003874
1038.608811	.0005381
1039.573164	.0005692
1040.537518	.0004035
1041.501871	.0001193
1042.466225	-.0001256
1043.430579	.0001172
1044.394932	.0003366
1045.359286	.0005978
1046.323639	.0005959
1047.287993	.0003062
1048.252346	.0002675
1049.216700	.0004193
1050.181054	.0003167
1051.145407	.0002184
1052.109761	.0002431
1053.074114	.0003189
1054.038468	.0004783
1055.002822	.0005546
1055.967175	.0004523
1056.931529	.0002735
1057.895882	.0003176
1058.860236	.0007376
1059.824589	.0010694
1060.788943	.0008871
1061.753297	.0004515
1062.717650	.0003042
1063.682004	.0003338
1064.646357	.0003313
1065.610711	.0002586
1066.575065	.0002874
1067.539418	.0002661
1068.503772	.0002094
1069.468125	.0001201
1070.432479	8.54E-06
1071.396832	.000095
1072.361186	.0003695
1073.325540	.0004713
1074.289893	.0003937
1075.254247	.0002969
1076.218600	.0003667
1077.182954	.0005408
1078.147308	.0005473
1079.111661	.0001172
1080.076015	-.0001827
1081.040368	.0002298
1082.004722	.0007952
1082.969076	.0008193
1083.933429	.0004952
1084.897783	.0000255
1085.862136	5.38E-06
1086.826490	.0004114
1087.790843	.0006647
1088.755197	.0003608
1089.719551	.0000184
1090.683904	.0002221
1091.648258	.0004288
1092.612611	.000223
1093.576965	.0000975
1094.541319	.0001929
1095.505672	.0005067
1096.470026	.000621
1097.434379	.0005
1098.398733	.0003964
1099.363086	.0004476
1100.327440	.0004778
1101.291794	.0004157
1102.256147	.0004047
1103.220501	.000525
1104.184854	.0005695
1105.149208	.0003619
1106.113562	.0001034
1107.077915	.0002906
1108.042269	.0004377
1109.006622	.0001846
1109.970976	.0002208
1110.935330	.0006392
1111.899683	.0008457
1112.864037	.0006053
1113.828390	.0003557
1114.792744	.0004584
1115.757097	.0005202
1116.721451	.0004456
1117.685805	.0004697
1118.650158	.0004539
1119.614512	.0001542
1120.578865	.0002222
1121.543219	.0003782
1122.507573	.0005255
1123.471926	.0004799
1124.436280	.0003647
1125.400633	.0004171
1126.364987	.0004405
1127.329340	.0001321
1128.293694	.0000291
1129.258048	.0003617
1130.222401	.0007031
1131.186755	.0006354
1132.151108	.0004612
1133.115462	.000319
1134.079816	.0001222
1135.044169	-.0000749
1136.008523	.000042
1136.972876	.000153
1137.937230	.0001491
1138.901583	.0000878
1139.865937	.0002274
1140.830291	.0004692
1141.794644	.0005634
1142.758998	.0004637
1143.723351	.0003966
1144.687705	.0004037
1145.652059	.0003782
1146.616412	.0002278
1147.580766	.0001345
1148.545119	.0002614
1149.509473	.0004405
1150.473827	.0004723
1151.438180	.0005267
1152.402534	.0004588
1153.366887	.0002879
1154.331241	.0003711
1155.295594	.000508
1156.259948	.0004418
1157.224302	.0004361
1158.188655	.0004646
1159.153009	.0004456
1160.117362	.0002876
1161.081716	.0001599
1162.046070	.0002031
1163.010423	.0002578
1163.974777	.0001771
1164.939130	.0001931
1165.903484	.0002617
1166.867837	.0001353
1167.832191	.0001283
1168.796545	.0002053
1169.760898	.0001477
1170.725252	.0001982
1171.689605	.0004416
1172.653959	.0004494
1173.618313	.0001852
1174.582666	.0000514
1175.547020	.0000928
1176.511373	.0001849
1177.475727	.00032
1178.440080	.0002942
1179.404434	.0000801
1180.368788	-.0000842
1181.333141	-.0000571
1182.297495	.0002576
1183.261848	.0004756
1184.226202	.0004495
1185.190556	.0002873
1186.154909	.0002044
1187.119263	.0001859
1188.083616	.0001698
1189.047970	.0001465
1190.012324	.0001927
1190.976677	.0002625
1191.941031	.0002624
1192.905384	.0002033
1193.869738	.0001541
1194.834091	.0000796
1195.798445	.0000805
1196.762799	.0000355
1197.727152	.000282
1198.691506	.0005274
1199.655859	.0004966
1200.620213	.0003476
1201.584567	.0002243
1202.548920	.0001378
1203.513274	.0001611
1204.477627	.0001972
1205.441981	.0001153
1206.406334	.0001748
1207.370688	.0003141
1208.335042	.00029
1209.299395	.0002826
1210.263749	.0003223
1211.228102	.0002504
1212.192456	.000072
1213.156810	.000065
1214.121163	.0002101
1215.085517	.0002403
1216.049870	.0002661
1217.014224	.0002159
1217.978578	.0001475
1218.942931	.0002788
1219.907285	.0002644
1220.871638	.0001639
1221.835992	.0001498
1222.800345	.0000354
1223.764699	.0001759
1224.729053	.0003097
1225.693406	.0002555
1226.657760	.0002636
1227.622113	.0003104
1228.586467	.0003646
1229.550821	.0002051
1230.515174	.0000652
1231.479528	.0001326
1232.443881	.0002877
1233.408235	.0002873
1234.372588	.0002472
1235.336942	.0001861
1236.301296	.0001745
1237.265649	.0002001
1238.230003	.0002238
1239.194356	.0002141
1240.158710	.0001611
1241.123064	.0001361
1242.087417	.0003357
1243.051771	.0004207
1244.016124	.0002752
1244.980478	.000163
1245.944831	.0001562
1246.909185	.0002409
1247.873539	.0002952
1248.837892	.0002091
1249.802246	.0001658
1250.766599	.000253
1251.730953	.0003032
1252.695307	.0002639
1253.659660	.0002482
1254.624014	.000314
1255.588367	.000362
1256.552721	.0003059
1257.517075	.000275
1258.481428	.0002046
1259.445782	.0001699
1260.410135	.0001993
1261.374489	.0002605
1262.338842	.000317
1263.303196	.0003429
1264.267550	.0001931
1265.231903	.000122
1266.196257	.0003203
1267.160610	.0004503
1268.124964	.000315
1269.089318	.0001031
1270.053671	.0000381
1271.018025	.0002217
1271.982378	.0003252
1272.946732	.0001994
1273.911085	.0000185
1274.875439	.0001281
1275.839793	.0003673
1276.804146	.0003907
1277.768500	.0001655
1278.732853	.000021
1279.697207	.0001322
1280.661561	.0002802
1281.625914	.0002219
1282.590268	.0001475
1283.554621	.000093
1284.518975	.000164
1285.483328	.000272
1286.447682	.0003981
1287.412036	.000431
1288.376389	.0002914
1289.340743	.0001288
1290.305096	.000137
1291.269450	.000224
1292.233804	.0002211
1293.198157	.0001473
1294.162511	.0002653
1295.126864	.0004388
1296.091218	.0003617
1297.055572	.0002661
1298.019925	.000259
1298.984279	.0000847
1299.948632	.0000108
1300.912986	.000124
1301.877339	.0002918
1302.841693	.0000789
1303.806047	.0000259
1304.770400	.0002978
1305.734754	.0003881
1306.699107	.0002784
1307.663461	.0001847
1308.627815	.00019
1309.592168	.0002494
1310.556522	.0003371
1311.520875	.000151
1312.485229	-.000158
1313.449582	.0001252
1314.413936	.0003955
1315.378290	.000416
1316.342643	.0003588
1317.306997	.0002592
1318.271350	.0001808
1319.235704	.0002241
1320.200058	.0002074
1321.164411	.000319
1322.128765	.0003739
1323.093118	.0003212
1324.057472	.0002122
1325.021825	.0002717
1325.986179	.0004243
1326.950533	.0003048
1327.914886	.0000441
1328.879240	.0000899
1329.843593	.0002217
1330.807947	.0003747
1331.772301	.000465
1332.736654	.0004301
1333.701008	.0003001
1334.665361	.0003394
1335.629715	.0004009
1336.594069	.0004264
1337.558422	.0003261
1338.522776	.0001618
1339.487129	.0001392
1340.451483	.0002543
1341.415836	.000305
1342.380190	.0002475
1343.344544	.0000991
1344.308897	.0000543
1345.273251	.0001494
1346.237604	.0002051
1347.201958	.0001932
1348.166312	4.46E-07
1349.130665	.0000139
1350.095019	.0002917
1351.059372	.0003978
1352.023726	.0002016
1352.988079	-.0000461
1353.952433	.0000443
1354.916787	.0001584
1355.881140	.000206
1356.845494	.0002461
1357.809847	.0002783
1358.774201	.0002186
1359.738555	.0001975
1360.702908	.0002177
1361.667262	.0002218
1362.631615	.0002654
1363.595969	.0002444
1364.560323	.0002682
1365.524676	.0004562
1366.489030	.0004759
1367.453383	.000346
1368.417737	.0002991
1369.382090	.0003441
1370.346444	.0003659
1371.310798	.0002903
1372.275151	.0001401
1373.239505	.0001394
1374.203858	.0002763
1375.168212	.000209
1376.132566	.0002163
1377.096919	.0001592
1378.061273	.0001171
1379.025626	.0002085
1379.989980	.0002742
1380.954333	.0001569
1381.918687	.0000814
1382.883041	.0002847
1383.847394	.0004541
1384.811748	.0003738
1385.776101	.0000909
1386.740455	.0001042
1387.704809	.0001156
1388.669162	.0000758
1389.633516	4.45E-06
1390.597869	-.000022
1391.562223	.0001959
1392.526576	.0004454
1393.490930	.0003876
1394.455284	.0001815
1395.419637	.0000912
1396.383991	.0001222
1397.348344	.0002385
1398.312698	.0001897
1399.277052	.0000723
1400.241405	.0002534
1401.205759	.0004037
1402.170112	.0003444
1403.134466	.0003342
1404.098820	.0004343
1405.063173	.000387
1406.027527	.0002954
1406.991880	.0003253
1407.956234	.000215
1408.920587	-6.17E-06
1409.884941	.0001977
1410.849295	.0003909
1411.813648	.0004347
1412.778002	.0003134
1413.742355	.000138
1414.706709	-.0000287
1415.671063	.0000313
1416.635416	.0001933
1417.599770	.0002828
1418.564123	.0002714
1419.528477	.0002285
1420.492830	.0001866
1421.457184	.0001169
1422.421538	.0000337
1423.385891	.0001088
1424.350245	.0001848
1425.314598	.0002737
1426.278952	.0002779
1427.243306	.0002324
1428.207659	.0002144
1429.172013	.000236
1430.136366	.0001722
1431.100720	.0001687
1432.065073	.0002821
1433.029427	.0003844
1433.993781	.0003849
1434.958134	.0003739
1435.922488	.0004286
1436.886841	.0003866
1437.851195	.0001973
1438.815549	.000111
1439.779902	.000177
1440.744256	.0003263
1441.708609	.0003668
1442.672963	.0002591
1443.637317	.0002573
1444.601670	.000401
1445.566024	.0004462
1446.530377	.0003401
1447.494731	.0002417
1448.459084	.0002385
1449.423438	.0002277
1450.387792	.000261
1451.352145	.0002947
1452.316499	.0002508
1453.280852	.0002216
1454.245206	.0001609
1455.209560	5.42E-06
1456.173913	.0001364
1457.138267	.0003825
1458.102620	.000277
1459.066974	.00011
1460.031327	.0000342
1460.995681	.000114
1461.960035	.0001886
1462.924388	.0001848
1463.888742	.0002546
1464.853095	.000276
1465.817449	.0002307
1466.781803	.0001905
1467.746156	.0002166
1468.710510	.0001844
1469.674863	.000104
1470.639217	.0000791
1471.603571	.0001738
1472.567924	.0003277
1473.532278	.0002888
1474.496631	.0002003
1475.460985	.0002394
1476.425338	.0002385
1477.389692	.0000936
1478.354046	.0000176
1479.318399	.0000927
1480.282753	.0000608
1481.247106	.000062
1482.211460	.0000914
1483.175814	.0001238
1484.140167	.0001089
1485.104521	.0002038
1486.068874	.0003327
1487.033228	.000234
1487.997581	-.0000777
1488.961935	.0000982
1489.926289	.0003386
1490.890642	.0002348
1491.854996	.0001271
1492.819349	.0001672
1493.783703	.000202
1494.748057	.0001982
1495.712410	.0002098
1496.676764	.0003109
1497.641117	.0003688
1498.605471	.0003437
1499.569824	.000293
1500.534178	.000282
1501.498532	.0002525
1502.462885	.000202
1503.427239	.0001477
1504.391592	.0001782
1505.355946	.0002674
1506.320300	.0003065
1507.284653	.0003748
1508.249007	.000614
1509.213360	.0009
1510.177714	.0010233
1511.142068	.0009858
1512.106421	.0011772
1513.070775	.0015929
1514.035128	.0018395
1514.999482	.0019518
1515.963835	.0023117
1516.928189	.0030109
1517.892543	.003653
1518.856896	.0040379
1519.821250	.004328
1520.785603	.0046603
1521.749957	.0052683
1522.714311	.006112
1523.678664	.0069466
1524.643018	.0078489
1525.607371	.0087805
1526.571725	.0096366
1527.536078	.010695
1528.500432	.011858
1529.464786	.012827
1530.429139	.013787
1531.393493	.014951
1532.357846	.0162
1533.322200	.017476
1534.286554	.018796
1535.250907	.020008
1536.215261	.021236
1537.179614	.022568
1538.143968	.023958
1539.108321	.025458
1540.072675	.02701
1541.037029	.028581
1542.001382	.030154
1542.965736	.031569
1543.930089	.032822
1544.894443	.03411
1545.858797	.035596
1546.823150	.037264
1547.787504	.038913
1548.751857	.040335
1549.716211	.041697
1550.680565	.043061
1551.644918	.044268
1552.609272	.045431
1553.573625	.046682
1554.537979	.048088
1555.502332	.049509
1556.466686	.050781
1557.431040	.052024
1558.395393	.0535
1559.359747	.054766
1560.324100	.055476
1561.288454	.056345
1562.252808	.057444
1563.217161	.058541
1564.181515	.059447
1565.145868	.060227
1566.110222	.061159
1567.074575	.062238
1568.038929	.063279
1569.003283	.06415
1569.967636	.064887
1570.931990	.06558
1571.896343	.066318
1572.860697	.067249
1573.825051	.068351
1574.789404	.069336
1575.753758	.069906
1576.718111	.070256
1577.682465	.070912
1578.646819	.071794
1579.611172	.072593
1580.575526	.073188
1581.539879	.073753
1582.504233	.074379
1583.468586	.07501
1584.432940	.07555
1585.397294	.075996
1586.361647	.076471
1587.326001	.07709
1588.290354	.077792
1589.254708	.078407
1590.219062	.0789
1591.183415	.07931
1592.147769	.079652
1593.112122	.079955
1594.076476	.080331
1595.040829	.080807
1596.005183	.081262
1596.969537	.08172
1597.933890	.082212
1598.898244	.082661
1599.862597	.083041
1600.826951	.083423
1601.791305	.083866
1602.755658	.084373
1603.720012	.084911
1604.684365	.085331
1605.648719	.085614
1606.613072	.085889
1607.577426	.08623
1608.541780	.0867
1609.506133	.087215
1610.470487	.087618
1611.434840	.088026
1612.399194	.088532
1613.363548	.088911
1614.327901	.089266
1615.292255	.089831
1616.256608	.090075
1617.220962	.089807
1618.185316	.090067
1619.149669	.090739
1620.114023	.091332
1621.078376	.091933
1622.042730	.092535
1623.007083	.092797
1623.971437	.092905
1624.935791	.093403
1625.900144	.094159
1626.864498	.094719
1627.828851	.094861
1628.793205	.094944
1629.757559	.095227
1630.721912	.095657
1631.686266	.096268
1632.650619	.096985
1633.614973	.097795
1634.579326	.098501
1635.543680	.098672
1636.508034	.098815
1637.472387	.099221
1638.436741	.099624
1639.401094	.10008
1640.365448	.10057
1641.329802	.10103
1642.294155	.10147
1643.258509	.10201
1644.222862	.10273
1645.187216	.10335
1646.151569	.10354
1647.115923	.10354
1648.080277	.10376
1649.044630	.1043
1650.008984	.10522
1650.973337	.10654
1651.937691	.10783
1652.902045	.10761
1653.866398	.10651
1654.830752	.10697
1655.795105	.10803
1656.759459	.10874
1657.723813	.10905
1658.688166	.10941
1659.652520	.11003
1660.616873	.11076
1661.581227	.11125
1662.545580	.11128
1663.509934	.11153
1664.474288	.11225
1665.438641	.11292
1666.402995	.11348
1667.367348	.11415
1668.331702	.1147
1669.296056	.11481
1670.260409	.11508
1671.224763	.11571
1672.189116	.11624
1673.153470	.11685
1674.117823	.11748
1675.082177	.11736
1676.046531	.11708
1677.010884	.11775
1677.975238	.11865
1678.939591	.11912
1679.903945	.1193
1680.868299	.11973
1681.832652	.12063
1682.797006	.12164
1683.761359	.12184
1684.725713	.12088
1685.690067	.12073
1686.654420	.12154
1687.618774	.12233
1688.583127	.12286
1689.547481	.12315
1690.511834	.12326
1691.476188	.12343
1692.440542	.12376
1693.404895	.12442
1694.369249	.12534
1695.333602	.12552
1696.297956	.12485
1697.262310	.12506
1698.226663	.12612
1699.191017	.12714
1700.155370	.12657
1701.119724	.1252
1702.084077	.12559
1703.048431	.12658
1704.012785	.12712
1704.977138	.12722
1705.941492	.12725
1706.905845	.12721
1707.870199	.12726
1708.834553	.12744
1709.798906	.1275
1710.763260	.12751
1711.727613	.12776
1712.691967	.12825
1713.656320	.12864
1714.620674	.12867
1715.585028	.12887
1716.549381	.12936
1717.513735	.12914
1718.478088	.12829
1719.442442	.12806
1720.406796	.12827
1721.371149	.12853
1722.335503	.12866
1723.299856	.12858
1724.264210	.12865
1725.228564	.12888
1726.192917	.12885
1727.157271	.12867
1728.121624	.12873
1729.085978	.12888
1730.050331	.12875
1731.014685	.12865
1731.979039	.12901
1732.943392	.12926
1733.907746	.12833
1734.872099	.12712
1735.836453	.12723
1736.800807	.12769
1737.765160	.12796
1738.729514	.12805
1739.693867	.12765
1740.658221	.12728
1741.622574	.12747
1742.586928	.12752
1743.551282	.12714
1744.515635	.12692
1745.479989	.12695
1746.444342	.12691
1747.408696	.1268
1748.373050	.12663
1749.337403	.12653
1750.301757	.12632
1751.266110	.12556
1752.230464	.12495
1753.194817	.12488
1754.159171	.12486
1755.123525	.12492
1756.087878	.12489
1757.052232	.12445
1758.016585	.1241
1758.980939	.12414
1759.945293	.1243
1760.909646	.12412
1761.874000	.12342
1762.838353	.12289
1763.802707	.12273
1764.767061	.12258
1765.731414	.12264
1766.695768	.12287
1767.660121	.12259
1768.624475	.12198
1769.588828	.12198
1770.553182	.12237
1771.517536	.12226
1772.481889	.12125
1773.446243	.12042
1774.410596	.12041
1775.374950	.12042
1776.339304	.12023
1777.303657	.12011
1778.268011	.1201
1779.232364	.12013
1780.196718	.12
1781.161071	.11967
1782.125425	.1195
1783.089779	.1196
1784.054132	.11956
1785.018486	.11923
1785.982839	.119
1786.947193	.11892
1787.911547	.11884
1788.875900	.11885
1789.840254	.11894
1790.804607	.11897
1791.768961	.11877
1792.733315	.11832
1793.697668	.11816
1794.662022	.11837
1795.626375	.11842
1796.590729	.11835
1797.555082	.11846
1798.519436	.11861
1799.483790	.11854
1800.448143	.11839
1801.412497	.11831
1802.376850	.11827
1803.341204	.11836
1804.305558	.11853
1805.269911	.11868
1806.234265	.1188
1807.198618	.11882
1808.162972	.11884
1809.127325	.11896
1810.091679	.11914
1811.056033	.11936
1812.020386	.11953
1812.984740	.11964
1813.949093	.11978
1814.913447	.12001
1815.877801	.12034
1816.842154	.12076
1817.806508	.12112
1818.770861	.12132
1819.735215	.12152
1820.699568	.12178
1821.663922	.12202
1822.628276	.12238
1823.592629	.12299
1824.556983	.12336
1825.521336	.12332
1826.485690	.12347
1827.450044	.12402
1828.414397	.1247
1829.378751	.1252
1830.343104	.12542
1831.307458	.12576
1832.271812	.1263
1833.236165	.12679
1834.200519	.12723
1835.164872	.12773
1836.129226	.12829
1837.093579	.12885
1838.057933	.12941
1839.022287	.13002
1839.986640	.13075
1840.950994	.13154
1841.915347	.13245
1842.879701	.13339
1843.844055	.13374
1844.808408	.13361
1845.772762	.13406
1846.737115	.13495
1847.701469	.13573
1848.665822	.13629
1849.630176	.13678
1850.594530	.13743
1851.558883	.13823
1852.523237	.13894
1853.487590	.13962
1854.451944	.14047
1855.416298	.14139
1856.380651	.14221
1857.345005	.14295
1858.309358	.14371
1859.273712	.14446
1860.238065	.14523
1861.202419	.14608
1862.166773	.14699
1863.131126	.14779
1864.095480	.14844
1865.059833	.14917
1866.024187	.15009
1866.988541	.15103
1867.952894	.15186
1868.917248	.15253
1869.881601	.15316
1870.845955	.15397
1871.810309	.15494
1872.774662	.1559
1873.739016	.15677
1874.703369	.15757
1875.667723	.15838
1876.632076	.15922
1877.596430	.16007
1878.560784	.16087
1879.525137	.16159
1880.489491	.1623
1881.453844	.16309
1882.418198	.16395
1883.382552	.16479
1884.346905	.16545
1885.311259	.16603
1886.275612	.16677
1887.239966	.16765
1888.204319	.16842
1889.168673	.16899
1890.133027	.16966
1891.097380	.17063
1892.061734	.17163
1893.026087	.17234
1893.990441	.17279
1894.954795	.17338
1895.919148	.17416
1896.883502	.17483
1897.847855	.17545
1898.812209	.17624
1899.776562	.17698
1900.740916	.17765
1901.705270	.17845
1902.669623	.17919
1903.633977	.17967
1904.598330	.18008
1905.562684	.1806
1906.527038	.18128
1907.491391	.18211
1908.455745	.18289
1909.420098	.18349
1910.384452	.18398
1911.348806	.18462
1912.313159	.18547
1913.277513	.18629
1914.241866	.18685
1915.206220	.18732
1916.170573	.18804
1917.134927	.18877
1918.099281	.18915
1919.063634	.18953
1920.027988	.19024
1920.992341	.19101
1921.956695	.19161
1922.921049	.19211
1923.885402	.1928
1924.849756	.19357
1925.814109	.19414
1926.778463	.19466
1927.742816	.19538
1928.707170	.19624
1929.671524	.19707
1930.635877	.19774
1931.600231	.19839
1932.564584	.1992
1933.528938	.20017
1934.493292	.20112
1935.457645	.20195
1936.421999	.20276
1937.386352	.20365
1938.350706	.20458
1939.315060	.20542
1940.279413	.20621
1941.243767	.20703
1942.208120	.20768
1943.172474	.20826
1944.136827	.20911
1945.101181	.21012
1946.065535	.21104
1947.029888	.21195
1947.994242	.21293
1948.958595	.21396
1949.922949	.21503
1950.887303	.2161
1951.851656	.21713
1952.816010	.21812
1953.780363	.21912
1954.744717	.22018
1955.709070	.22142
1956.673424	.22275
1957.637778	.22401
1958.602131	.22518
1959.566485	.22625
1960.530838	.22725
1961.495192	.22833
1962.459546	.22955
1963.423899	.23092
1964.388253	.23231
1965.352606	.23358
1966.316960	.23472
1967.281313	.23587
1968.245667	.23722
1969.210021	.23871
1970.174374	.24021
1971.138728	.24177
1972.103081	.24331
1973.067435	.24475
1974.031789	.24621
1974.996142	.24772
1975.960496	.24917
1976.924849	.2506
1977.889203	.2521
1978.853557	.25369
1979.817910	.25532
1980.782264	.25681
1981.746617	.25815
1982.710971	.25956
1983.675324	.26121
1984.639678	.26297
1985.604032	.26465
1986.568385	.26616
1987.532739	.26755
1988.497092	.26907
1989.461446	.27102
1990.425800	.27309
1991.390153	.27485
1992.354507	.2764
1993.318860	.27801
1994.283214	.27974
1995.247567	.28165
1996.211921	.28362
1997.176275	.28545
1998.140628	.28713
1999.104982	.28869
2000.069335	.29027
2001.033689	.29195
2001.998043	.29366
2002.962396	.29543
2003.926750	.29733
2004.891103	.29917
2005.855457	.30082
2006.819810	.30251
2007.784164	.30441
2008.748518	.30636
2009.712871	.30827
2010.677225	.3102
2011.641578	.31211
2012.605932	.31401
2013.570286	.31599
2014.534639	.31791
2015.498993	.3197
2016.463346	.32142
2017.427700	.32309
2018.392054	.32473
2019.356407	.32632
2020.320761	.32779
2021.285114	.32928
2022.249468	.33096
2023.213821	.33273
2024.178175	.33446
2025.142529	.33617
2026.106882	.33783
2027.071236	.3394
2028.035589	.34102
2028.999943	.34272
2029.964297	.34448
2030.928650	.34642
2031.893004	.34839
2032.857357	.35008
2033.821711	.35171
2034.786064	.35343
2035.750418	.35496
2036.714772	.35627
2037.679125	.35771
2038.643479	.35922
2039.607832	.3605
2040.572186	.36165
2041.536540	.36293
2042.500893	.36441
2043.465247	.36595
2044.429600	.36726
2045.393954	.36843
2046.358308	.36976
2047.322661	.37124
2048.287015	.37277
2049.251368	.37428
2050.215722	.37582
2051.180075	.37737
2052.144429	.37874
2053.108783	.3799
2054.073136	.38103
2055.037490	.38233
2056.001843	.38363
2056.966197	.38473
2057.930551	.38574
2058.894904	.38671
2059.859258	.38763
2060.823611	.3886
2061.787965	.3897
2062.752318	.39083
2063.716672	.39185
2064.681026	.39284
2065.645379	.39402
2066.609733	.39534
2067.574086	.39661
2068.538440	.3978
2069.502794	.39904
2070.467147	.40041
2071.431501	.4018
2072.395854	.40307
2073.360208	.40421
2074.324561	.40526
2075.288915	.40623
2076.253269	.40723
2077.217622	.40832
2078.181976	.40937
2079.146329	.41017
2080.110683	.41079
2081.075037	.41142
2082.039390	.4122
2083.003744	.41319
2083.968097	.41421
2084.932451	.41519
2085.896805	.41628
2086.861158	.41761
2087.825512	.41901
2088.789865	.42028
2089.754219	.42145
2090.718572	.42274
2091.682926	.42422
2092.647280	.42563
2093.611633	.42679
2094.575987	.42786
2095.540340	.42899
2096.504694	.43003
2097.469048	.43085
2098.433401	.43168
2099.397755	.43266
2100.362108	.43363
2101.326462	.43447
2102.290815	.43519
2103.255169	.43602
2104.219523	.43716
2105.183876	.43855
2106.148230	.43986
2107.112583	.44101
2108.076937	.4423
2109.041291	.44378
2110.005644	.44527
2110.969998	.44674
2111.934351	.44824
2112.898705	.44979
2113.863058	.45131
2114.827412	.45266
2115.791766	.45374
2116.756119	.45473
2117.720473	.45581
2118.684826	.45683
2119.649180	.45763
2120.613534	.45838
2121.577887	.45917
2122.542241	.46003
2123.506594	.46111
2124.470948	.46243
2125.435302	.46369
2126.399655	.46484
2127.364009	.46609
2128.328362	.46754
2129.292716	.46927
2130.257069	.4711
2131.221423	.47272
2132.185777	.47419
2133.150130	.47578
2134.114484	.47741
2135.078837	.47879
2136.043191	.4799
2137.007545	.48099
2137.971898	.48217
2138.936252	.48321
2139.900605	.48401
2140.864959	.48483
2141.829312	.48573
2142.793666	.48657
2143.758020	.48739
2144.722373	.48829
2145.686727	.48931
2146.651080	.49052
2147.615434	.49206
2148.579788	.49381
2149.544141	.49556
2150.508495	.49732
2151.472848	.49908
2152.437202	.50077
2153.401556	.5024
2154.365909	.50403
2155.330263	.50552
2156.294616	.50673
2157.258970	.50783
2158.223323	.50892
2159.187677	.50979
2160.152031	.51046
2161.116384	.51111
2162.080738	.51181
2163.045091	.51255
2164.009445	.51337
2164.973799	.51431
2165.938152	.51544
2166.902506	.51675
2167.866859	.5182
2168.831213	.51975
2169.795566	.5214
2170.759920	.52317
2171.724274	.52494
2172.688627	.52662
2173.652981	.52828
2174.617334	.52992
2175.581688	.5315
2176.546042	.53297
2177.510395	.53417
2178.474749	.53499
2179.439102	.53565
2180.403456	.53636
2181.367809	.53699
2182.332163	.53748
2183.296517	.53804
2184.260870	.53873
2185.225224	.53945
2186.189577	.54034
2187.153931	.54157
2188.118285	.54303
2189.082638	.54455
2190.046992	.54608
2191.011345	.54772
2191.975699	.54959
2192.940053	.55164
2193.904406	.5536
2194.868760	.55539
2195.833113	.55689
2196.797467	.55804
2197.761820	.55908
2198.726174	.56008
2199.690528	.56086
2200.654881	.56137
2201.619235	.56167
2202.583588	.56191
2203.547942	.56229
2204.512296	.56283
2205.476649	.5634
2206.441003	.56417
2207.405356	.56531
2208.369710	.56668
2209.334063	.56813
2210.298417	.56961
2211.262771	.57121
2212.227124	.57311
2213.191478	.57525
2214.155831	.57725
2215.120185	.57906
2216.084539	.58074
2217.048892	.58208
2218.013246	.58311
2218.977599	.58403
2219.941953	.58476
2220.906306	.5852
2221.870660	.58541
2222.835014	.58552
2223.799367	.5856
2224.763721	.58572
2225.728074	.58601
2226.692428	.5866
2227.656782	.58747
2228.621135	.58856
2229.585489	.58983
2230.549842	.59119
2231.514196	.59274
2232.478550	.59459
2233.442903	.59665
2234.407257	.59861
2235.371610	.6004
2236.335964	.60216
2237.300317	.60374
2238.264671	.60493
2239.229025	.60585
2240.193378	.60664
2241.157732	.60709
2242.122085	.60719
2243.086439	.60715
2244.050793	.60697
2245.015146	.60664
2245.979500	.60636
2246.943853	.60644
2247.908207	.60692
2248.872560	.60768
2249.836914	.60874
2250.801268	.61017
2251.765621	.61183
2252.729975	.61351
2253.694328	.6152
2254.658682	.61702
2255.623036	.61893
2256.587389	.6208
2257.551743	.62254
2258.516096	.62395
2259.480450	.62497
2260.444804	.62582
2261.409157	.6264
2262.373511	.62644
2263.337864	.62606
2264.302218	.62557
2265.266571	.62518
2266.230925	.62489
2267.195279	.62483
2268.159632	.62499
2269.123986	.62534
2270.088339	.62595
2271.052693	.62695
2272.017047	.62834
2272.981400	.62993
2273.945754	.6317
2274.910107	.63369
2275.874461	.63576
2276.838814	.63746
2277.803168	.63895
2278.767522	.64056
2279.731875	.64197
2280.696229	.64273
2281.660582	.64289
2282.624936	.64289
2283.589290	.64284
2284.553643	.64268
2285.517997	.64242
2286.482350	.64193
2287.446704	.64137
2288.411057	.64088
2289.375411	.64068
2290.339765	.64108
2291.304118	.642
2292.268472	.64319
2293.232825	.64456
2294.197179	.64631
2295.161533	.6483
2296.125886	.65031
2297.090240	.65217
2298.054593	.65383
2299.018947	.6554
2299.983301	.65668
2300.947654	.65755
2301.912008	.65798
2302.876361	.65814
2303.840715	.65822
2304.805068	.65791
2305.769422	.65704
2306.733776	.65589
2307.698129	.65517
2308.662483	.65485
2309.626836	.65455
2310.591190	.65416
2311.555544	.65384
2312.519897	.65412
2313.484251	.65495
2314.448604	.65655
2315.412958	.65879
2316.377311	.66087
2317.341665	.66311
2318.306019	.66561
2319.270372	.66771
2320.234726	.66892
2321.199079	.66963
2322.163433	.67021
2323.127787	.67018
2324.092140	.66958
2325.056494	.6688
2326.020847	.66785
2326.985201	.66703
2327.949554	.66665
2328.913908	.66603
2329.878262	.66477
2330.842615	.66343
2331.806969	.66243
2332.771322	.66201
2333.735676	.66258
2334.700030	.66455
2335.664383	.66655
2336.628737	.66775
2337.593090	.66979
2338.557444	.67246
2339.521798	.67422
2340.486151	.67488
2341.450505	.67548
2342.414858	.67632
2343.379212	.67671
2344.343565	.67575
2345.307919	.67326
2346.272273	.67036
2347.236626	.6693
2348.200980	.67213
2349.165333	.67648
2350.129687	.67856
2351.094041	.67796
2352.058394	.6769
2353.022748	.67614
2353.987101	.6749
2354.951455	.67389
2355.915808	.67459
2356.880162	.67563
2357.844516	.67594
2358.808869	.67646
2359.773223	.67761
2360.737576	.67923
2361.701930	.6811
2362.666284	.68272
2363.630637	.68363
2364.594991	.68383
2365.559344	.68325
2366.523698	.68241
2367.488052	.68146
2368.452405	.67974
2369.416759	.67757
2370.381112	.67573
2371.345466	.67408
2372.309819	.67212
2373.274173	.67086
2374.238527	.67113
2375.202880	.67214
2376.167234	.67312
2377.131587	.67415
2378.095941	.67559
2379.060295	.67748
2380.024648	.67962
2380.989002	.68184
2381.953355	.68401
2382.917709	.68592
2383.882062	.6875
2384.846416	.68861
2385.810770	.6891
2386.775123	.68906
2387.739477	.68846
2388.703830	.68728
2389.668184	.68576
2390.632538	.68407
2391.596891	.68229
2392.561245	.68057
2393.525598	.67912
2394.489952	.67811
2395.454305	.67764
2396.418659	.67769
2397.383013	.67832
2398.347366	.67945
2399.311720	.68086
2400.276073	.68253
2401.240427	.68435
2402.204781	.68609
2403.169134	.68777
2404.133488	.68928
2405.097841	.69031
2406.062195	.69081
2407.026549	.6909
2407.990902	.69053
2408.955256	.68958
2409.919609	.68816
2410.883963	.68648
2411.848316	.68476
2412.812670	.68302
2413.777024	.6812
2414.741377	.67948
2415.705731	.67828
2416.670084	.67779
2417.634438	.67781
2418.598792	.67819
2419.563145	.67901
2420.527499	.68034
2421.491852	.68214
2422.456206	.68413
2423.420559	.68602
2424.384913	.6877
2425.349267	.68913
2426.313620	.6902
2427.277974	.69081
2428.242327	.69091
2429.206681	.69038
2430.171035	.68932
2431.135388	.68804
2432.099742	.68652
2433.064095	.68453
2434.028449	.68235
2434.992802	.6805
2435.957156	.67905
2436.921510	.67785
2437.885863	.67706
2438.850217	.67691
2439.814570	.67745
2440.778924	.67856
2441.743278	.68003
2442.707631	.68176
2443.671985	.68367
2444.636338	.68551
2445.600692	.68715
2446.565046	.68857
2447.529399	.68965
2448.493753	.69026
2449.458106	.69038
2450.422460	.68996
2451.386813	.689
2452.351167	.6876
2453.315521	.68592
2454.279874	.68398
2455.244228	.68187
2456.208581	.67991
2457.172935	.67833
2458.137289	.67708
2459.101642	.67618
2460.065996	.6759
2461.030349	.6764
2461.994703	.67753
2462.959056	.67903
2463.923410	.68075
2464.887764	.6826
2465.852117	.68452
2466.816471	.68644
2467.780824	.68802
2468.745178	.68908
2469.709532	.68979
2470.673885	.6901
2471.638239	.68967
2472.602592	.68857
2473.566946	.68715
2474.531300	.68548
2475.495653	.68346
2476.460007	.68134
2477.424360	.67945
2478.388714	.6779
2479.353067	.67671
2480.317421	.676
2481.281775	.67581
2482.246128	.67607
2483.210482	.67683
2484.174835	.67827
2485.139189	.68019
2486.103543	.68225
2487.067896	.68436
2488.032250	.68638
2488.996603	.68813
2489.960957	.68955
2490.925310	.69054
2491.889664	.69101
2492.854018	.69089
2493.818371	.69019
2494.782725	.68901
2495.747078	.68746
2496.711432	.68569
2497.675786	.68381
2498.640139	.68191
2499.604493	.68017
2500.568846	.67867
2501.533200	.67757
2502.497553	.67725
2503.461907	.67768
2504.426261	.67861
2505.390614	.68013
2506.354968	.68226
2507.319321	.68459
2508.283675	.68678
2509.248029	.68882
2510.212382	.69073
2511.176736	.6924
2512.141089	.69356
2513.105443	.69412
2514.069797	.69421
2515.034150	.69386
2515.998504	.6929
2516.962857	.69122
2517.927211	.68912
2518.891564	.68707
2519.855918	.68527
2520.820272	.68367
2521.784625	.68223
2522.748979	.68121
2523.713332	.68098
2524.677686	.68153
2525.642040	.6825
2526.606393	.68382
2527.570747	.68567
2528.535100	.68793
2529.499454	.6903
2530.463807	.69261
2531.428161	.69476
2532.392515	.69658
2533.356868	.69786
2534.321222	.69859
2535.285575	.69884
2536.249929	.6985
2537.214283	.69753
2538.178636	.69614
2539.142990	.69446
2540.107343	.69253
2541.071697	.69034
2542.036050	.68819
2543.000404	.6865
2543.964758	.68541
2544.929111	.68494
2545.893465	.68526
2546.857818	.68631
2547.822172	.68776
2548.786526	.68942
2549.750879	.69141
2550.715233	.69385
2551.679586	.69649
2552.643940	.69891
2553.608294	.70094
2554.572647	.70247
2555.537001	.70345
2556.501354	.70396
2557.465708	.70383
2558.430061	.70279
2559.394415	.70114
2560.358769	.69938
2561.323122	.69747
2562.287476	.69523
2563.251829	.693
2564.216183	.69121
2565.180537	.68991
2566.144890	.68914
2567.109244	.68913
2568.073597	.68993
2569.037951	.69122
2570.002304	.69284
2570.966658	.69495
2571.931012	.69733
2572.895365	.69962
2573.859719	.702
2574.824072	.70432
2575.788426	.70594
2576.752780	.70674
2577.717133	.70703
2578.681487	.70682
2579.645840	.70594
2580.610194	.70456
2581.574547	.70282
2582.538901	.70075
2583.503255	.69846
2584.467608	.69621
2585.431962	.69418
2586.396315	.69255
2587.360669	.69144
2588.325023	.6909
2589.289376	.69113
2590.253730	.69219
2591.218083	.69373
2592.182437	.69562
2593.146791	.69792
2594.111144	.70031
2595.075498	.70247
2596.039851	.70439
2597.004205	.70602
2597.968558	.70713
2598.932912	.7076
2599.897266	.70739
2600.861619	.70639
2601.825973	.70476
2602.790326	.70289
2603.754680	.70076
2604.719034	.69824
2605.683387	.69567
2606.647741	.69341
2607.612094	.69141
2608.576448	.68985
2609.540801	.68914
2610.505155	.68926
2611.469509	.68986
2612.433862	.6908
2613.398216	.69217
2614.362569	.69403
2615.326923	.69621
2616.291277	.69839
2617.255630	.70033
2618.219984	.70202
2619.184337	.70327
2620.148691	.70377
2621.113045	.70351
2622.077398	.70272
2623.041752	.70138
2624.006105	.6993
2624.970459	.69661
2625.934812	.69383
2626.899166	.69119
2627.863520	.6886
2628.827873	.68618
2629.792227	.68428
2630.756580	.68307
2631.720934	.68258
2632.685288	.68279
2633.649641	.68359
2634.613995	.68493
2635.578348	.68668
2636.542702	.68864
2637.507055	.69064
2638.471409	.69247
2639.435763	.69393
2640.400116	.69498
2641.364470	.69555
2642.328823	.6955
2643.293177	.69471
2644.257531	.69321
2645.221884	.69123
2646.186238	.689
2647.150591	.6865
2648.114945	.68365
2649.079298	.68064
2650.043652	.67793
2651.008006	.6759
2651.972359	.67451
2652.936713	.67353
2653.901066	.67315
2654.865420	.67372
2655.829774	.67491
2656.794127	.67621
2657.758481	.67771
2658.722834	.67958
2659.687188	.68161
2660.651542	.68343
2661.615895	.68471
2662.580249	.68529
2663.544602	.68536
2664.508956	.68503
2665.473309	.6841
2666.437663	.68235
2667.402017	.67991
2668.366370	.67723
2669.330724	.67453
2670.295077	.67189
2671.259431	.66944
2672.223785	.66727
2673.188138	.66545
2674.152492	.66418
2675.116845	.66367
2676.081199	.66388
2677.045552	.66458
2678.009906	.6658
2678.974260	.66759
2679.938613	.66964
2680.902967	.67161
2681.867320	.67334
2682.831674	.67468
2683.796028	.67557
2684.760381	.67604
2685.724735	.67602
2686.689088	.67542
2687.653442	.67424
2688.617795	.67257
2689.582149	.67039
2690.546503	.66755
2691.510856	.66447
2692.475210	.66177
2693.439563	.65962
2694.403917	.65783
2695.368271	.65632
2696.332624	.65539
2697.296978	.65539
2698.261331	.65621
2699.225685	.65745
2700.190039	.65901
2701.154392	.66092
2702.118746	.66296
2703.083099	.66498
2704.047453	.66699
2705.011806	.66858
2705.976160	.66937
2706.940514	.66954
2707.904867	.6693
2708.869221	.66852
2709.833574	.66714
2710.797928	.66532
2711.762282	.66306
2712.726635	.66041
2713.690989	.65775
2714.655342	.65539
2715.619696	.65349
2716.584049	.65213
2717.548403	.65125
2718.512757	.65089
2719.477110	.65131
2720.441464	.65245
2721.405817	.6541
2722.370171	.65612
2723.334525	.65838
2724.298878	.66076
2725.263232	.66302
2726.227585	.66497
2727.191939	.66649
2728.156293	.66738
2729.120646	.66756
2730.085000	.66722
2731.049353	.66629
2732.013707	.66475
2732.978060	.66296
2733.942414	.66102
2734.906768	.65875
2735.871121	.65642
2736.835475	.6545
2737.799828	.65317
2738.764182	.65236
2739.728536	.65205
2740.692889	.65249
2741.657243	.65359
2742.621596	.65509
2743.585950	.65708
2744.550303	.65959
2745.514657	.66237
2746.479011	.66508
2747.443364	.66743
2748.407718	.66933
2749.372071	.67069
2750.336425	.67136
2751.300779	.67148
2752.265132	.67124
2753.229486	.67052
2754.193839	.66924
2755.158193	.66746
2756.122546	.66539
2757.086900	.66327
2758.051254	.66125
2759.015607	.65944
2759.979961	.65806
2760.944314	.65736
2761.908668	.65756
2762.873022	.6586
2763.837375	.66016
2764.801729	.66215
2765.766082	.66465
2766.730436	.66746
2767.694790	.67031
2768.659143	.67316
2769.623497	.67563
2770.587850	.67726
2771.552204	.67841
2772.516557	.67948
2773.480911	.67995
2774.445265	.67928
2775.409618	.67781
2776.373972	.67604
2777.338325	.67415
2778.302679	.6722
2779.267033	.67016
2780.231386	.66826
2781.195740	.6669
2782.160093	.66607
2783.124447	.66574
2784.088800	.66601
2785.053154	.6669
2786.017508	.66862
2786.981861	.67116
2787.946215	.67419
2788.910568	.67732
2789.874922	.68026
2790.839276	.68285
2791.803629	.68487
2792.767983	.68638
2793.732336	.6876
2794.696690	.68823
2795.661043	.688
2796.625397	.68712
2797.589751	.68578
2798.554104	.68381
2799.518458	.68141
2800.482811	.67917
2801.447165	.67725
2802.411519	.67552
2803.375872	.67415
2804.340226	.6734
2805.304579	.67344
2806.268933	.67426
2807.233287	.6756
2808.197640	.67746
2809.161994	.68004
2810.126347	.6831
2811.090701	.6862
2812.055054	.68907
2813.019408	.69167
2813.983762	.69392
2814.948115	.69551
2815.912469	.69644
2816.876822	.6968
2817.841176	.6963
2818.805530	.69489
2819.769883	.69317
2820.734237	.69143
2821.698590	.68939
2822.662944	.68701
2823.627297	.68478
2824.591651	.6832
2825.556005	.68239
2826.520358	.68213
2827.484712	.6824
2828.449065	.68343
2829.413419	.6851
2830.377773	.68727
2831.342126	.69001
2832.306480	.69314
2833.270833	.69635
2834.235187	.69939
2835.199541	.702
2836.163894	.70417
2837.128248	.70564
2838.092601	.70607
2839.056955	.7057
2840.021308	.70495
2840.985662	.70375
2841.950016	.70193
2842.914369	.69957
2843.878723	.69695
2844.843076	.6942
2845.807430	.69167
2846.771784	.68997
2847.736137	.68899
2848.700491	.68835
2849.664844	.68857
2850.629198	.69001
2851.593551	.6925
2852.557905	.69564
2853.522259	.69898
2854.486612	.70241
2855.450966	.70581
2856.415319	.70885
2857.379673	.71148
2858.344027	.71367
2859.308380	.71502
2860.272734	.7153
2861.237087	.71484
2862.201441	.71392
2863.165794	.71244
2864.130148	.71041
2865.094502	.7081
2866.058855	.7058
2867.023209	.70358
2867.987562	.70166
2868.951916	.70037
2869.916270	.69978
2870.880623	.7
2871.844977	.70107
2872.809330	.70269
2873.773684	.70485
2874.738038	.70776
2875.702391	.71115
2876.666745	.71438
2877.631098	.71727
2878.595452	.71996
2879.559805	.72233
2880.524159	.72391
2881.488513	.72454
2882.452866	.72428
2883.417220	.7233
2884.381573	.72197
2885.345927	.72032
2886.310281	.71815
2887.274634	.71557
2888.238988	.71292
2889.203341	.71055
2890.167695	.70863
2891.132048	.7073
2892.096402	.70682
2893.060756	.70728
2894.025109	.70852
2894.989463	.71052
2895.953816	.71322
2896.918170	.71621
2897.882524	.7193
2898.846877	.72253
2899.811231	.72548
2900.775584	.72777
2901.739938	.72949
2902.704291	.73074
2903.668645	.73131
2904.632999	.73098
2905.597352	.72965
2906.561706	.72743
2907.526059	.72477
2908.490413	.72212
2909.454767	.71946
2910.419120	.71684
2911.383474	.71456
2912.347827	.71281
2913.312181	.71145
2914.276535	.7106
2915.240888	.7108
2916.205242	.712
2917.169595	.7139
2918.133949	.71655
2919.098302	.71978
2920.062656	.7231
2921.027010	.72622
2921.991363	.72921
2922.955717	.73177
2923.920070	.73358
2924.884424	.73476
2925.848778	.73523
2926.813131	.7349
2927.777485	.734
2928.741838	.73246
2929.706192	.73008
2930.670545	.72707
2931.634899	.72403
2932.599253	.72143
2933.563606	.71942
2934.527960	.71815
2935.492313	.71775
2936.456667	.71807
2937.421021	.71897
2938.385374	.72063
2939.349728	.72306
2940.314081	.72594
2941.278435	.72914
2942.242789	.73253
2943.207142	.73569
2944.171496	.73831
2945.135849	.74045
2946.100203	.74204
2947.064556	.74262
2948.028910	.74205
2948.993264	.74072
2949.957617	.73902
2950.921971	.73703
2951.886324	.73455
2952.850678	.73156
2953.815032	.72846
2954.779385	.72572
2955.743739	.72348
2956.708092	.72196
2957.672446	.72146
2958.636799	.72187
2959.601153	.72297
2960.565507	.72474
2961.529860	.7272
2962.494214	.73022
2963.458567	.73353
2964.422921	.73686
2965.387275	.73992
2966.351628	.74243
2967.315982	.74423
2968.280335	.74515
2969.244689	.74524
2970.209042	.7447
2971.173396	.74354
2972.137750	.7417
2973.102103	.73934
2974.066457	.73659
2975.030810	.7335
2975.995164	.73054
2976.959518	.72835
2977.923871	.72677
2978.888225	.72541
2979.852578	.72475
2980.816932	.72526
2981.781286	.72668
2982.745639	.72868
2983.709993	.73118
2984.674346	.73411
2985.638700	.73737
2986.603053	.74074
2987.567407	.74375
2988.531761	.74601
2989.496114	.74744
2990.460468	.74813
2991.424821	.74805
2992.389175	.74705
2993.353529	.74521
2994.317882	.74293
2995.282236	.74049
2996.246589	.73784
2997.210943	.73481
2998.175296	.73157
2999.139650	.72903
3000.104004	.72762
3001.068357	.72686
3002.032711	.72664
3002.997064	.72727
3003.961418	.72874
3004.925772	.73086
3005.890125	.73364
3006.854479	.73689
3007.818832	.74001
3008.783186	.74288
3009.747539	.74569
3010.711893	.74797
3011.676247	.74911
3012.640600	.74929
3013.604954	.74883
3014.569307	.74766
3015.533661	.74582
3016.498015	.74329
3017.462368	.74001
3018.426722	.73654
3019.391075	.73347
3020.355429	.73099
3021.319783	.72905
3022.284136	.72759
3023.248490	.72681
3024.212843	.72693
3025.177197	.72783
3026.141550	.72934
3027.105904	.73145
3028.070258	.73434
3029.034611	.73781
3029.998965	.74108
3030.963318	.74382
3031.927672	.7462
3032.892026	.74807
3033.856379	.74898
3034.820733	.74888
3035.785086	.74798
3036.749440	.74645
3037.713793	.7443
3038.678147	.74158
3039.642501	.73872
3040.606854	.73597
3041.571208	.73322
3042.535561	.73052
3043.499915	.72837
3044.464269	.72709
3045.428622	.72647
3046.392976	.72647
3047.357329	.72761
3048.321683	.72993
3049.286037	.73263
3050.250390	.73531
3051.214744	.73826
3052.179097	.74136
3053.143451	.74415
3054.107804	.74639
3055.072158	.74783
3056.036512	.74832
3057.000865	.74805
3057.965219	.74695
3058.929572	.74494
3059.893926	.74245
3060.858280	.7397
3061.822633	.73666
3062.786987	.73369
3063.751340	.731
3064.715694	.72872
3065.680047	.72705
3066.644401	.72592
3067.608755	.72533
3068.573108	.72573
3069.537462	.7272
3070.501815	.72933
3071.466169	.73186
3072.430523	.73469
3073.394876	.73774
3074.359230	.74085
3075.323583	.74364
3076.287937	.74588
3077.252290	.74741
3078.216644	.74784
3079.180998	.74708
3080.145351	.74557
3081.109705	.7436
3082.074058	.74128
3083.038412	.73862
3084.002766	.73543
3084.967119	.73194
3085.931473	.72888
3086.895826	.7266
3087.860180	.72506
3088.824534	.72434
3089.788887	.72422
3090.753241	.72461
3091.717594	.72595
3092.681948	.72824
3093.646301	.73107
3094.610655	.73409
3095.575009	.73702
3096.539362	.73973
3097.503716	.74223
3098.468069	.74418
3099.432423	.74512
3100.396777	.74513
3101.361130	.74446
3102.325484	.74315
3103.289837	.74109
3104.254191	.73827
3105.218544	.73511
3106.182898	.73214
3107.147252	.72958
3108.111605	.72732
3109.075959	.72524
3110.040312	.72355
3111.004666	.72248
3111.969020	.72228
3112.933373	.72334
3113.897727	.72547
3114.862080	.72793
3115.826434	.73044
3116.790787	.73323
3117.755141	.73628
3118.719495	.73924
3119.683848	.74137
3120.648202	.74243
3121.612555	.74286
3122.576909	.74276
3123.541263	.74194
3124.505616	.74039
3125.469970	.73827
3126.434323	.73569
3127.398677	.73283
3128.363031	.73003
3129.327384	.72723
3130.291738	.72443
3131.256091	.72228
3132.220445	.72099
3133.184798	.72028
3134.149152	.7203
3135.113506	.72129
3136.077859	.72328
3137.042213	.72607
3138.006566	.72923
3138.970920	.73221
3139.935274	.73475
3140.899627	.73713
3141.863981	.73936
3142.828334	.74099
3143.792688	.74154
3144.757041	.74096
3145.721395	.73969
3146.685749	.7379
3147.650102	.73561
3148.614456	.73314
3149.578809	.73054
3150.543163	.72785
3151.507517	.7251
3152.471870	.72223
3153.436224	.71976
3154.400577	.71837
3155.364931	.71812
3156.329284	.71859
3157.293638	.71966
3158.257992	.72152
3159.222345	.72413
3160.186699	.72712
3161.151052	.73006
3162.115406	.73269
3163.079760	.73491
3164.044113	.73669
3165.008467	.73802
3165.972820	.73863
3166.937174	.73821
3167.901528	.73671
3168.865881	.73463
3169.830235	.73247
3170.794588	.73016
3171.758942	.72753
3172.723295	.72455
3173.687649	.72157
3174.652003	.71917
3175.616356	.71775
3176.580710	.71713
3177.545063	.7168
3178.509417	.71686
3179.473771	.71782
3180.438124	.71969
3181.402478	.72218
3182.366831	.7251
3183.331185	.72817
3184.295538	.73096
3185.259892	.73322
3186.224246	.73488
3187.188599	.73591
3188.152953	.73614
3189.117306	.73564
3190.081660	.73439
3191.046014	.73233
3192.010367	.72975
3192.974721	.72703
3193.939074	.72428
3194.903428	.72156
3195.867782	.71904
3196.832135	.71686
3197.796489	.71509
3198.760842	.71396
3199.725196	.71382
3200.689549	.71472
3201.653903	.71632
3202.618257	.71836
3203.582610	.72081
3204.546964	.72363
3205.511317	.72654
3206.475671	.72906
3207.440025	.73115
3208.404378	.73293
3209.368732	.73392
3210.333085	.73372
3211.297439	.73277
3212.261792	.73145
3213.226146	.72973
3214.190500	.72755
3215.154853	.72485
3216.119207	.72178
3217.083560	.71893
3218.047914	.71659
3219.012268	.71449
3219.976621	.71275
3220.940975	.71185
3221.905328	.7119
3222.869682	.71285
3223.834035	.71459
3224.798389	.71683
3225.762743	.71939
3226.727096	.72211
3227.691450	.72473
3228.655803	.72701
3229.620157	.72883
3230.584511	.73042
3231.548864	.73164
3232.513218	.73177
3233.477571	.73063
3234.441925	.72896
3235.406279	.72699
3236.370632	.72454
3237.334986	.72178
3238.299339	.71899
3239.263693	.71633
3240.228046	.71388
3241.192400	.71181
3242.156754	.7105
3243.121107	.71007
3244.085461	.71039
3245.049814	.71133
3246.014168	.71281
3246.978522	.7147
3247.942875	.71709
3248.907229	.71989
3249.871582	.7226
3250.835936	.72497
3251.800289	.72709
3252.764643	.72856
3253.728997	.729
3254.693350	.72873
3255.657704	.72794
3256.622057	.72634
3257.586411	.72404
3258.550765	.72151
3259.515118	.71887
3260.479472	.71628
3261.443825	.71386
3262.408179	.71146
3263.372532	.70933
3264.336886	.70799
3265.301240	.7075
3266.265593	.70781
3267.229947	.70895
3268.194300	.71079
3269.158654	.7133
3270.123008	.71625
3271.087361	.7189
3272.051715	.72113
3273.016068	.72338
3273.980422	.72552
3274.944776	.72687
3275.909129	.72706
3276.873483	.72645
3277.837836	.72553
3278.802190	.72416
3279.766543	.72207
3280.730897	.71952
3281.695251	.71666
3282.659604	.71371
3283.623958	.71103
3284.588311	.70881
3285.552665	.70721
3286.517019	.70623
3287.481372	.70574
3288.445726	.70582
3289.410079	.7067
3290.374433	.70846
3291.338786	.7108
3292.303140	.71339
3293.267494	.71617
3294.231847	.71891
3295.196201	.72132
3296.160554	.72318
3297.124908	.72409
3298.089262	.72403
3299.053615	.72359
3300.017969	.7228
3300.982322	.72119
3301.946676	.71887
3302.911030	.71643
3303.875383	.71413
3304.839737	.71172
3305.804090	.70926
3306.768444	.70717
3307.732797	.70544
3308.697151	.70392
3309.661505	.70328
3310.625858	.70409
3311.590212	.7056
3312.554565	.70711
3313.518919	.70889
3314.483273	.71127
3315.447626	.71401
3316.411980	.71657
3317.376333	.71873
3318.340687	.72059
3319.305040	.72183
3320.269394	.72196
3321.233748	.72123
3322.198101	.72007
3323.162455	.7184
3324.126808	.71615
3325.091162	.71346
3326.055516	.71064
3327.019869	.70805
3327.984223	.70573
3328.948576	.70357
3329.912930	.7018
3330.877283	.70076
3331.841637	.70069
3332.805991	.70154
3333.770344	.70287
3334.734698	.70453
3335.699051	.70669
3336.663405	.70928
3337.627759	.71212
3338.592112	.71474
3339.556466	.71657
3340.520819	.71771
3341.485173	.7184
3342.449527	.71841
3343.413880	.71776
3344.378234	.71672
3345.342587	.71522
3346.306941	.71308
3347.271294	.71057
3348.235648	.70807
3349.200002	.70574
3350.164355	.70345
3351.128709	.70112
3352.093062	.69911
3353.057416	.69803
3354.021770	.69801
3354.986123	.69872
3355.950477	.70001
3356.914830	.70191
3357.879184	.70435
3358.843537	.7071
3359.807891	.70976
3360.772245	.71195
3361.736598	.71371
3362.700952	.71518
3363.665305	.71615
3364.629659	.71648
3365.594013	.71603
3366.558366	.71465
3367.522720	.71269
3368.487073	.71048
3369.451427	.70789
3370.415780	.70488
3371.380134	.70198
3372.344488	.69961
3373.308841	.69765
3374.273195	.69635
3375.237548	.69608
3376.201902	.69631
3377.166256	.69658
3378.130609	.69741
3379.094963	.69927
3380.059316	.70177
3381.023670	.70431
3381.988024	.70666
3382.952377	.70876
3383.916731	.7106
3384.881084	.7121
3385.845438	.71294
3386.809791	.71289
3387.774145	.71205
3388.738499	.71081
3389.702852	.70947
3390.667206	.70772
3391.631559	.70492
3392.595913	.70141
3393.560267	.6985
3394.524620	.6966
3395.488974	.69515
3396.453327	.69402
3397.417681	.69359
3398.382034	.69393
3399.346388	.69469
3400.310742	.69575
3401.275095	.69741
3402.239449	.69961
3403.203802	.70201
3404.168156	.70438
3405.132510	.70653
3406.096863	.70824
3407.061217	.70943
3408.025570	.70991
3408.989924	.70953
3409.954278	.70848
3410.918631	.7072
3411.882985	.70581
3412.847338	.70398
3413.811692	.70164
3414.776045	.69901
3415.740399	.6963
3416.704753	.69384
3417.669106	.69211
3418.633460	.69136
3419.597813	.69103
3420.562167	.69068
3421.526521	.69101
3422.490874	.69233
3423.455228	.69412
3424.419581	.69612
3425.383935	.69832
3426.348288	.70073
3427.312642	.70321
3428.276996	.70521
3429.241349	.70627
3430.205703	.70647
3431.170056	.70613
3432.134410	.70558
3433.098764	.70478
3434.063117	.70339
3435.027471	.70127
3435.991824	.6985
3436.956178	.69548
3437.920531	.69286
3438.884885	.69096
3439.849239	.68953
3440.813592	.68832
3441.777946	.68745
3442.742299	.68724
3443.706653	.68805
3444.671007	.68991
3445.635360	.69217
3446.599714	.69383
3447.564067	.69521
3448.528421	.69735
3449.492775	.69986
3450.457128	.70178
3451.421482	.70295
3452.385835	.70361
3453.350189	.70365
3454.314542	.7028
3455.278896	.70113
3456.243250	.69893
3457.207603	.69665
3458.171957	.69448
3459.136310	.69223
3460.100664	.69003
3461.065018	.68803
3462.029371	.68607
3462.993725	.68443
3463.958078	.68384
3464.922432	.68453
3465.886785	.68601
3466.851139	.68766
3467.815493	.68942
3468.779846	.69125
3469.744200	.69306
3470.708553	.6953
3471.672907	.69776
3472.637261	.69953
3473.601614	.7003
3474.565968	.70039
3475.530321	.70025
3476.494675	.69992
3477.459028	.69891
3478.423382	.69716
3479.387736	.69492
3480.352089	.69226
3481.316443	.68935
3482.280796	.68664
3483.245150	.6846
3484.209504	.68334
3485.173857	.68255
3486.138211	.68199
3487.102564	.68185
3488.066918	.68248
3489.031272	.68394
3489.995625	.6859
3490.959979	.6879
3491.924332	.68992
3492.888686	.69231
3493.853039	.69466
3494.817393	.69632
3495.781747	.69715
3496.746100	.69719
3497.710454	.69676
3498.674807	.6963
3499.639161	.69564
3500.603515	.69446
3501.567868	.69246
3502.532222	.6893
3503.496575	.68563
3504.460929	.68285
3505.425282	.68122
3506.389636	.68025
3507.353990	.67975
3508.318343	.67945
3509.282697	.67926
3510.247050	.67986
3511.211404	.68153
3512.175758	.68363
3513.140111	.68564
3514.104465	.68769
3515.068818	.68987
3516.033172	.69177
3516.997526	.69311
3517.961879	.69393
3518.926233	.69428
3519.890586	.69427
3520.854940	.69392
3521.819293	.69293
3522.783647	.69099
3523.748001	.68849
3524.712354	.68625
3525.676708	.68425
3526.641061	.68189
3527.605415	.67948
3528.569769	.67781
3529.534122	.67694
3530.498476	.67664
3531.462829	.67697
3532.427183	.67793
3533.391536	.67936
3534.355890	.68133
3535.320244	.68341
3536.284597	.68484
3537.248951	.68647
3538.213304	.68892
3539.177658	.691
3540.142012	.69207
3541.106365	.69267
3542.070719	.69302
3543.035072	.69281
3543.999426	.6918
3544.963779	.68971
3545.928133	.68673
3546.892487	.6835
3547.856840	.6808
3548.821194	.67923
3549.785547	.67857
3550.749901	.67787
3551.714255	.6764
3552.678608	.67512
3553.642962	.67523
3554.607315	.67646
3555.571669	.67831
3556.536023	.68031
3557.500376	.68253
3558.464730	.68497
3559.429083	.68677
3560.393437	.68798
3561.357790	.68957
3562.322144	.69118
3563.286498	.69229
3564.250851	.69342
3565.215205	.69354
3566.179558	.69137
3567.143912	.68724
3568.108266	.68272
3569.072619	.68053
3570.036973	.67997
3571.001326	.67893
3571.965680	.67796
3572.930033	.67749
3573.894387	.67678
3574.858741	.67612
3575.823094	.67632
3576.787448	.67722
3577.751801	.67865
3578.716155	.68066
3579.680509	.68285
3580.644862	.68527
3581.609216	.6877
3582.573569	.68995
3583.537923	.69272
3584.502276	.69611
3585.466630	.69758
3586.430984	.69593
3587.395337	.69332
3588.359691	.68995
3589.324044	.68695
3590.288398	.68672
3591.252752	.68732
3592.217105	.68628
3593.181459	.68411
3594.145812	.68227
3595.110166	.68061
3596.074520	.67976
3597.038873	.68051
3598.003227	.68164
3598.967580	.68287
3599.931934	.68412
3600.896287	.68517
3601.860641	.68722
3602.824995	.69019
3603.789348	.69337
3604.753702	.69721
3605.718055	.70039
3606.682409	.70198
3607.646763	.70307
3608.611116	.70157
3609.575470	.69873
3610.539823	.70046
3611.504177	.70256
3612.468530	.69988
3613.432884	.69633
3614.397238	.69463
3615.361591	.69432
3616.325945	.6953
3617.290298	.69578
3618.254652	.69483
3619.219006	.69263
3620.183359	.6912
3621.147713	.69309
3622.112066	.69668
3623.076420	.70016
3624.040774	.70367
3625.005127	.70745
3625.969481	.71267
3626.933834	.71932
3627.898188	.72187
3628.862541	.7156
3629.826895	.71045
3630.791249	.71414
3631.755602	.71976
3632.719956	.72179
3633.684309	.71976
3634.648663	.7173
3635.613017	.717
3636.577370	.71736
3637.541724	.71671
3638.506077	.71563
3639.470431	.71536
3640.434784	.71595
3641.399138	.71673
3642.363492	.71775
3643.327845	.71995
3644.292199	.72428
3645.256552	.73033
3646.220906	.73547
3647.185260	.7387
3648.149613	.74167
3649.113967	.7435
3650.078320	.74272
3651.042674	.74175
3652.007027	.74415
3652.971381	.7495
3653.935735	.75529
3654.900088	.75799
3655.864442	.75349
3656.828795	.74733
3657.793149	.74757
3658.757503	.74937
3659.721856	.74899
3660.686210	.74802
3661.650563	.74767
3662.614917	.74807
3663.579271	.74912
3664.543624	.75084
3665.507978	.75377
3666.472331	.75894
3667.436685	.76485
3668.401038	.76973
3669.365392	.7725
3670.329746	.77038
3671.294099	.76959
3672.258453	.77794
3673.222806	.78966
3674.187160	.7954
3675.151514	.78779
3676.115867	.77671
3677.080221	.77805
3678.044574	.78326
3679.008928	.78319
3679.973281	.77991
3680.937635	.77826
3681.901989	.77793
3682.866342	.77742
3683.830696	.77668
3684.795049	.77672
3685.759403	.78007
3686.723757	.78577
3687.688110	.78629
3688.652464	.78218
3689.616817	.78448
3690.581171	.7883
3691.545524	.78917
3692.509878	.79269
3693.474232	.79799
3694.438585	.80168
3695.402939	.80384
3696.367292	.80504
3697.331646	.80566
3698.296000	.80571
3699.260353	.80606
3700.224707	.8063
3701.189060	.80251
3702.153414	.79543
3703.117768	.79181
3704.082121	.79161
3705.046475	.79125
3706.010828	.79078
3706.975182	.79203
3707.939535	.79388
3708.903889	.79338
3709.868243	.79467
3710.832596	.79854
3711.796950	.79647
3712.761303	.79326
3713.725657	.79767
3714.690011	.80342
3715.654364	.80707
3716.618718	.81056
3717.583071	.81308
3718.547425	.81286
3719.511778	.81256
3720.476132	.81408
3721.440486	.81293
3722.404839	.80788
3723.369193	.80494
3724.333546	.80457
3725.297900	.80233
3726.262254	.79711
3727.226607	.79289
3728.190961	.79248
3729.155314	.79449
3730.119668	.79778
3731.084022	.79884
3732.048375	.79651
3733.012729	.79855
3733.977082	.80404
3734.941436	.8051
3735.905789	.80234
3736.870143	.80195
3737.834497	.80554
3738.798850	.81069
3739.763204	.8145
3740.727557	.81602
3741.691911	.82012
3742.656265	.82862
3743.620618	.82641
3744.584972	.80236
3745.549325	.79158
3746.513679	.80075
3747.478032	.80988
3748.442386	.8095
3749.406740	.79931
3750.371093	.79608
3751.335447	.79649
3752.299800	.7887
3753.264154	.7864
3754.228508	.79361
3755.192861	.79974
3756.157215	.80179
3757.121568	.80402
3758.085922	.80819
3759.050275	.80946
3760.014629	.80802
3760.978983	.80968
3761.943336	.81338
3762.907690	.81625
3763.872043	.81821
3764.836397	.81692
3765.800751	.81141
3766.765104	.80813
3767.729458	.80984
3768.693811	.80959
3769.658165	.80228
3770.622519	.79524
3771.586872	.79464
3772.551226	.79548
3773.515579	.795
3774.479933	.79463
3775.444286	.7953
3776.408640	.79751
3777.372994	.80133
3778.337347	.8041
3779.301701	.8036
3780.266054	.80405
3781.230408	.80781
3782.194762	.8118
3783.159115	.8145
3784.123469	.81541
3785.087822	.81471
3786.052176	.81396
3787.016529	.81347
3787.980883	.81233
3788.945237	.81038
3789.909590	.80809
3790.873944	.80554
3791.838297	.80281
3792.802651	.80051
3793.767005	.79988
3794.731358	.80047
3795.695712	.79887
3796.660065	.79506
3797.624419	.79461
3798.588772	.80001
3799.553126	.80767
3800.517480	.80933
3801.481833	.80221
3802.446187	.79993
3803.410540	.80601
3804.374894	.81424
3805.339248	.82095
3806.303601	.81911
3807.267955	.81028
3808.232308	.80817
3809.196662	.8112
3810.161016	.81212
3811.125369	.81074
3812.089723	.80887
3813.054076	.80858
3814.018430	.81148
3814.982783	.81057
3815.947137	.79836
3816.911491	.78965
3817.875844	.79408
3818.840198	.80168
3819.804551	.80513
3820.768905	.80016
3821.733259	.79343
3822.697612	.79571
3823.661966	.80241
3824.626319	.80803
3825.590673	.81115
3826.555026	.81161
3827.519380	.81207
3828.483734	.81456
3829.448087	.81812
3830.412441	.81916
3831.376794	.81468
3832.341148	.81131
3833.305502	.81316
3834.269855	.81203
3835.234209	.80863
3836.198562	.80983
3837.162916	.80672
3838.127269	.79637
3839.091623	.79353
3840.055977	.79514
3841.020330	.79493
3841.984684	.79676
3842.949037	.79869
3843.913391	.79829
3844.877745	.79934
3845.842098	.80278
3846.806452	.80683
3847.770805	.81074
3848.735159	.81427
3849.699513	.81932
3850.663866	.82496
3851.628220	.82808
3852.592573	.8277
3853.556927	.81431
3854.521280	.796
3855.485634	.79782
3856.449988	.80474
3857.414341	.80431
3858.378695	.80169
3859.343048	.8012
3860.307402	.80094
3861.271756	.79832
3862.236109	.79652
3863.200463	.79892
3864.164816	.7992
3865.129170	.79504
3866.093523	.79589
3867.057877	.80395
3868.022231	.81229
3868.986584	.81323
3869.950938	.80608
3870.915291	.80444
3871.879645	.81136
3872.843999	.81679
3873.808352	.81514
3874.772706	.81126
3875.737059	.81121
3876.701413	.81227
3877.665767	.81323
3878.630120	.81405
3879.594474	.80952
3880.558827	.80051
3881.523181	.79701
3882.487534	.79894
3883.451888	.80187
3884.416242	.80291
3885.380595	.79726
3886.344949	.79124
3887.309302	.7938
3888.273656	.79988
3889.238010	.80568
3890.202363	.80844
3891.166717	.80631
3892.131070	.80559
3893.095424	.80891
3894.059777	.81185
3895.024131	.81387
3895.988485	.81642
3896.952838	.81936
3897.917192	.81969
3898.881545	.81456
3899.845899	.81033
3900.810253	.80995
3901.774606	.80772
3902.738960	.80464
3903.703313	.80092
3904.667667	.79555
3905.632020	.79316
3906.596374	.7939
3907.560728	.79512
3908.525081	.79625
3909.489435	.79773
3910.453788	.79978
3911.418142	.80191
3912.382496	.80429
3913.346849	.80727
3914.311203	.81087
3915.275556	.81414
3916.239910	.81475
3917.204264	.81352
3918.168617	.81455
3919.132971	.81575
3920.097324	.81366
3921.061678	.81154
3922.026031	.81145
3922.990385	.81086
3923.954739	.80779
3924.919092	.80291
3925.883446	.79919
3926.847799	.79798
3927.812153	.79785
3928.776507	.79753
3929.740860	.79767
3930.705214	.79877
3931.669567	.79896
3932.633921	.7985
3933.598274	.80017
3934.562628	.80353
3935.526982	.80671
3936.491335	.80952
3937.455689	.81177
3938.420042	.81328
3939.384396	.8147
3940.348750	.81647
3941.313103	.81703
3942.277457	.81469
3943.241810	.81157
3944.206164	.81
3945.170517	.80892
3946.134871	.80711
3947.099225	.80435
3948.063578	.80158
3949.027932	.79931
3949.992285	.79712
3950.956639	.79601
3951.920993	.79626
3952.885346	.79669
3953.849700	.79767
3954.814053	.7998
3955.778407	.80211
3956.742761	.80402
3957.707114	.80624
3958.671468	.80887
3959.635821	.8113
3960.600175	.81307
3961.564528	.81383
3962.528882	.81425
3963.493236	.81479
3964.457589	.81451
3965.421943	.81294
3966.386296	.81091
3967.350650	.80903
3968.315004	.80691
3969.279357	.80419
3970.243711	.80138
3971.208064	.79947
3972.172418	.79877
3973.136771	.79853
3974.101125	.79811
3975.065479	.79775
3976.029832	.79815
3976.994186	.7998
3977.958539	.8023
3978.922893	.80476
3979.887247	.80697
3980.851600	.80922
3981.815954	.8114
3982.780307	.81323
3983.744661	.81455
3984.709015	.81541
3985.673368	.81565
3986.637722	.81487
3987.602075	.81321
3988.566429	.81135
3989.530782	.80944
3990.495136	.80719
3991.459490	.80477
3992.423843	.80252
3993.388197	.80056
3994.352550	.79902
3995.316904	.79807
3996.281258	.79758
3997.245611	.7975
3998.209965	.79819
3999.174318	.79976
4000.138672	.8018
